0.000000000000000000e+00	6.827800707358977483e-02	1.009831816323250447e-01	1.300406768613280584e-01	2.293147783467208711e-02	3.402721915577891498e-01	8.837069923585221670e-03	2.293147783467208711e-02	2.293147783467208711e-02	0.000000000000000000e+00	1.224144549002439963e-02	5.397891149691187024e-02	2.293147783467208711e-02	0.000000000000000000e+00	1.394678708573816595e-01	1.818863422465413215e-01	0.000000000000000000e+00	9.031940524685670366e-03	0.000000000000000000e+00	0.000000000000000000e+00	1.300406768613280584e-01	9.690601156955609696e-02	7.178697048829645044e-02	0.000000000000000000e+00	2.293147783467208711e-02	0.000000000000000000e+00	2.509775984063739029e-02	5.729758271979408513e-02	2.509775984063739029e-02	4.195387034783135648e-03	0.000000000000000000e+00	2.509775984063739029e-02	2.293147783467208711e-02	2.421490128878897238e-02	1.065620861119998264e-01	3.588049668849282309e-02	0.000000000000000000e+00	0.000000000000000000e+00	0.000000000000000000e+00	7.728527982414175324e-02	1.474835763900927965e-01	0.000000000000000000e+00	7.190894933020877677e-02	3.070255442835425827e-02	0.000000000000000000e+00	5.280953190373429557e-02	8.358468429756393814e-02	7.501036334979538367e-01	2.509775984063739029e-02	2.509775984063739029e-02	1.905408440730232411e-01	1.300406768613280029e-01	4.679977395273073743e-02	0.000000000000000000e+00	7.467837071289536166e-02	0.000000000000000000e+00	0.000000000000000000e+00	1.394678708573816595e-01	3.958684367642982538e-03	0.000000000000000000e+00	1.798054737697960259e-01	2.293147783467208711e-02	9.031940524685717203e-03	5.670191517714577578e-02	0.000000000000000000e+00	3.588049668849275370e-02	3.789536295282960182e-02	2.509775984063739029e-02	0.000000000000000000e+00	4.184544163373488113e-02	1.223649312739696210e-01	0.000000000000000000e+00	7.501036334979538367e-01	7.800227478465929232e-02	0.000000000000000000e+00	0.000000000000000000e+00	0.000000000000000000e+00	4.679977395273073743e-02	5.280953190373428863e-02	1.962692139659922841e-01	1.359064683937262208e-01	5.217445243862556953e-02	8.157815600387900712e-02	3.511418163396757830e-01	9.031940524685670366e-03	1.300406768613280029e-01	1.865437962710260744e-01	9.953002517084919010e-02	3.958684367642982538e-03	0.000000000000000000e+00	3.306659090848398670e-03	2.909120708941681510e-01	9.168884833777873888e-02	0.000000000000000000e+00	1.851939660596826076e-01	4.195387034783166873e-03	3.400547455289003318e-02	2.293147783467208711e-02	2.509775984063739029e-02	1.164406488859816430e-01
6.827800707358977483e-02	0.000000000000000000e+00	1.249977859130490532e-01	1.451397552842591254e-01	3.459698432157518044e-02	6.075697633768366475e-03	9.430100075407858717e-02	3.459698432157518044e-02	3.459698432157518044e-02	2.172216282422451128e-02	0.000000000000000000e+00	0.000000000000000000e+00	3.459698432157518044e-02	5.900265443526475986e-03	3.483961690015578705e-02	2.564532015277988519e-02	6.649123470307422012e-02	0.000000000000000000e+00	2.172216282422451128e-02	2.172216282422451128e-02	1.451397552842591254e-01	0.000000000000000000e+00	1.115081019637139716e-02	0.000000000000000000e+00	3.459698432157518044e-02	0.000000000000000000e+00	5.622456036967211478e-04	0.000000000000000000e+00	5.622456036967211478e-04	2.803681470141616838e-01	2.172216282422451128e-02	5.622456036967211478e-04	3.459698432157518044e-02	4.131290984828336899e-02	0.000000000000000000e+00	0.000000000000000000e+00	3.492054853391471370e-02	1.133246278481405966e-01	2.172216282422451128e-02	0.000000000000000000e+00	6.371498127363771184e-03	2.172216282422451128e-02	1.852052157338898025e-02	2.969532039520635380e-01	0.000000000000000000e+00	0.000000000000000000e+00	0.000000000000000000e+00	6.827800707359017729e-02	5.622456036967211478e-04	5.622456036967211478e-04	1.547849737317856522e-02	1.451397552842591254e-01	0.000000000000000000e+00	2.508872570453088077e-02	0.000000000000000000e+00	0.000000000000000000e+00	2.172216282422451128e-02	3.483961690015578705e-02	0.000000000000000000e+00	0.000000000000000000e+00	1.764224146527585968e-01	3.459698432157518044e-02	0.000000000000000000e+00	0.000000000000000000e+00	5.900265443526475986e-03	0.000000000000000000e+00	0.000000000000000000e+00	5.622456036967211478e-04	9.250010748727923761e-04	0.000000000000000000e+00	0.000000000000000000e+00	2.172216282422451128e-02	6.827800707359017729e-02	0.000000000000000000e+00	2.172216282422451128e-02	0.000000000000000000e+00	0.000000000000000000e+00	0.000000000000000000e+00	0.000000000000000000e+00	0.000000000000000000e+00	0.000000000000000000e+00	1.817582353045750776e-01	0.000000000000000000e+00	1.155046382274653588e-01	0.000000000000000000e+00	1.451397552842591254e-01	5.412296384459817228e-02	0.000000000000000000e+00	0.000000000000000000e+00	0.000000000000000000e+00	1.855975011781451078e-01	2.725180696048895915e-02	0.000000000000000000e+00	5.900265443526475986e-03	0.000000000000000000e+00	2.803681470141617393e-01	5.476703818769804721e-01	3.459698432157518044e-02	5.622456036967211478e-04	1.632394848422169184e-02
1.009831816323250447e-01	1.249977859130490532e-01	0.000000000000000000e+00	2.008759924105140426e-01	8.313776682080316338e-02	9.125537030097415070e-02	4.887659371703834132e-02	8.313776682080316338e-02	8.313776682080316338e-02	0.000000000000000000e+00	2.010348971157466941e-02	0.000000000000000000e+00	8.313776682080316338e-02	1.251030963450236455e-01	0.000000000000000000e+00	0.000000000000000000e+00	6.457144674713932719e-02	0.000000000000000000e+00	0.000000000000000000e+00	0.000000000000000000e+00	2.008759924105140426e-01	0.000000000000000000e+00	7.968287904467794003e-02	0.000000000000000000e+00	8.313776682080316338e-02	0.000000000000000000e+00	4.577660893396848230e-02	3.358968573032201921e-02	4.577660893396848230e-02	5.600075028922345960e-02	0.000000000000000000e+00	4.577660893396848230e-02	8.313776682080316338e-02	5.341325528160346253e-02	8.576761895703351180e-02	0.000000000000000000e+00	0.000000000000000000e+00	0.000000000000000000e+00	0.000000000000000000e+00	0.000000000000000000e+00	0.000000000000000000e+00	0.000000000000000000e+00	6.120916493977620644e-03	4.825055397017879305e-02	0.000000000000000000e+00	3.755627530865854324e-02	0.000000000000000000e+00	1.009831816323250447e-01	4.577660893396848230e-02	4.577660893396848230e-02	0.000000000000000000e+00	2.008759924105140149e-01	0.000000000000000000e+00	0.000000000000000000e+00	0.000000000000000000e+00	0.000000000000000000e+00	0.000000000000000000e+00	0.000000000000000000e+00	0.000000000000000000e+00	5.809106273498475248e-02	0.000000000000000000e+00	8.313776682080316338e-02	0.000000000000000000e+00	0.000000000000000000e+00	1.251030963450236455e-01	0.000000000000000000e+00	0.000000000000000000e+00	4.577660893396848230e-02	0.000000000000000000e+00	0.000000000000000000e+00	3.161801475062447908e-02	0.000000000000000000e+00	1.009831816323250447e-01	0.000000000000000000e+00	0.000000000000000000e+00	0.000000000000000000e+00	0.000000000000000000e+00	0.000000000000000000e+00	3.755627530865854324e-02	0.000000000000000000e+00	0.000000000000000000e+00	2.104652184872863596e-01	2.953389610764533060e-02	7.269520471847422394e-02	0.000000000000000000e+00	2.008759924105140149e-01	0.000000000000000000e+00	0.000000000000000000e+00	0.000000000000000000e+00	0.000000000000000000e+00	2.665359931576701258e-01	0.000000000000000000e+00	0.000000000000000000e+00	1.251030963450236455e-01	0.000000000000000000e+00	5.600075028922346654e-02	2.208700095969725608e-01	8.313776682080316338e-02	4.577660893396848230e-02	0.000000000000000000e+00
1.300406768613280584e-01	1.451397552842591254e-01	2.008759924105140426e-01	0.000000000000000000e+00	7.970365180226771096e-02	1.433319689906932537e-01	0.000000000000000000e+00	7.970365180226771096e-02	7.970365180226771096e-02	5.067711845527319734e-04	8.677871862597429445e-03	0.000000000000000000e+00	7.970365180226771096e-02	1.406333095105618408e-02	0.000000000000000000e+00	0.000000000000000000e+00	1.962621821575505701e-02	0.000000000000000000e+00	5.067711845527319734e-04	5.067711845527319734e-04	6.185666933758323660e-01	5.305396252684466130e-02	0.000000000000000000e+00	7.495011244408660012e-02	7.970365180226771096e-02	6.226889379776023858e-02	6.978008441049198853e-03	2.387210282944576545e-01	6.978008441049198853e-03	8.615230676645489402e-03	5.067711845527319734e-04	6.978008441049198853e-03	7.970365180226771096e-02	0.000000000000000000e+00	1.273086889248727094e-01	0.000000000000000000e+00	1.100452503993989799e-02	9.058831218963696308e-02	5.067711845527319734e-04	4.465473447269221324e-02	7.626918737681952221e-02	5.067711845527319734e-04	2.050177238481496952e-02	4.767138152233037218e-02	0.000000000000000000e+00	7.248524997379894586e-02	1.347778468728329793e-01	1.300406768613278363e-01	6.978008441049198853e-03	6.978008441049198853e-03	3.671808527982803327e-02	6.185666933758323660e-01	1.095840515207309879e-01	1.636163784727597686e-02	0.000000000000000000e+00	5.354985697520494962e-03	5.067711845527319734e-04	0.000000000000000000e+00	0.000000000000000000e+00	8.941346772565965384e-02	0.000000000000000000e+00	7.970365180226771096e-02	0.000000000000000000e+00	0.000000000000000000e+00	1.406333095105618408e-02	0.000000000000000000e+00	0.000000000000000000e+00	6.978008441049198853e-03	0.000000000000000000e+00	3.481238978163950226e-02	4.363966572063721766e-02	5.067711845527319734e-04	1.300406768613278363e-01	1.097668581167929869e-01	5.067711845527319734e-04	0.000000000000000000e+00	6.226889379776020389e-02	1.095840515207310156e-01	7.248524997379893198e-02	1.438840630865901096e-02	0.000000000000000000e+00	2.420869193789176171e-02	0.000000000000000000e+00	1.605865052808822246e-01	0.000000000000000000e+00	6.185666933758323660e-01	3.842511954817021125e-02	0.000000000000000000e+00	0.000000000000000000e+00	0.000000000000000000e+00	2.664762579509922027e-02	1.148188725877901106e-01	0.000000000000000000e+00	1.406333095105618408e-02	7.470606119219543040e-02	8.615230676645522362e-03	1.505450902502036836e-01	7.970365180226771096e-02	6.978008441049198853e-03	1.611561428325678502e-01
2.293147783467208711e-02	3.459698432157518044e-02	8.313776682080316338e-02	7.970365180226771096e-02	0.000000000000000000e+00	1.831386160924842327e-02	2.363517272454424278e-01	4.309812727010118860e-01	4.309812727010118860e-01	0.000000000000000000e+00	3.269367011128204020e-02	1.106310304623916579e-01	4.309812727010118860e-01	6.510681586321968861e-02	0.000000000000000000e+00	9.088525573570292726e-02	1.081069353904806629e-01	0.000000000000000000e+00	0.000000000000000000e+00	0.000000000000000000e+00	7.970365180226771096e-02	0.000000000000000000e+00	5.589789001130446603e-04	7.818630466410879387e-02	4.309812727010118860e-01	0.000000000000000000e+00	7.028060922019115173e-04	0.000000000000000000e+00	7.028060922019115173e-04	1.359793883192522979e-01	0.000000000000000000e+00	7.028060922019115173e-04	4.309812727010118860e-01	1.655626003882633077e-02	7.963826510150945337e-02	0.000000000000000000e+00	8.313782144304231181e-02	5.806048619540746247e-03	0.000000000000000000e+00	1.091444218876079231e-01	4.754646281196256430e-02	0.000000000000000000e+00	5.568172279830269078e-02	8.333241484688806711e-02	4.923222866864777891e-02	9.107100755038813333e-02	8.995383502852252744e-02	2.293147783467209405e-02	7.028060922019115173e-04	7.028060922019115173e-04	1.423437871253810383e-02	7.970365180226762769e-02	1.456159581037635292e-02	1.203796224402089651e-02	5.119468811197505631e-02	1.918749934249137368e-01	0.000000000000000000e+00	0.000000000000000000e+00	3.707073142336991117e-02	1.267374696472224893e-01	0.000000000000000000e+00	4.309812727010118860e-01	0.000000000000000000e+00	3.099282328260857811e-02	6.510681586321963310e-02	0.000000000000000000e+00	5.616563917337128592e-02	7.028060922019115173e-04	2.428231218445112832e-02	1.285410803686025116e-01	2.265978425580692304e-02	0.000000000000000000e+00	2.293147783467208711e-02	5.252381977162408344e-02	0.000000000000000000e+00	4.923222866864787606e-02	0.000000000000000000e+00	1.456159581037635639e-02	9.107100755038811946e-02	3.359993421679353248e-03	0.000000000000000000e+00	1.486174611928788303e-01	9.065317453840367884e-03	4.536069181562733810e-02	0.000000000000000000e+00	7.970365180226762769e-02	3.698211603228352545e-02	5.912128725264129830e-02	3.707073142336990423e-02	0.000000000000000000e+00	8.588987157166050324e-02	0.000000000000000000e+00	5.898147855346830976e-02	6.510681586321964698e-02	8.131749561643396296e-02	1.359793883192523534e-01	4.598157561973215818e-02	4.309812727010118860e-01	7.028060922019115173e-04	1.586968038348975651e-01
3.402721915577891498e-01	6.075697633768366475e-03	9.125537030097415070e-02	1.433319689906932537e-01	1.831386160924842327e-02	0.000000000000000000e+00	0.000000000000000000e+00	1.831386160924842327e-02	1.831386160924842327e-02	1.558251651006173355e-02	0.000000000000000000e+00	0.000000000000000000e+00	1.831386160924842327e-02	0.000000000000000000e+00	1.761475577074285426e-02	0.000000000000000000e+00	0.000000000000000000e+00	6.792569632908732405e-03	1.558251651006173355e-02	1.558251651006173355e-02	1.433319689906932537e-01	0.000000000000000000e+00	5.758289464232243388e-02	0.000000000000000000e+00	1.831386160924842327e-02	0.000000000000000000e+00	5.821175794381824864e-02	0.000000000000000000e+00	5.821175794381824864e-02	0.000000000000000000e+00	1.558251651006173355e-02	5.821175794381824864e-02	1.831386160924842327e-02	8.309054618348564458e-02	5.352264070719732481e-02	0.000000000000000000e+00	0.000000000000000000e+00	0.000000000000000000e+00	1.558251651006173355e-02	0.000000000000000000e+00	4.472280436751818744e-02	1.558251651006173355e-02	0.000000000000000000e+00	0.000000000000000000e+00	0.000000000000000000e+00	0.000000000000000000e+00	0.000000000000000000e+00	3.402721915577891498e-01	5.821175794381824864e-02	5.821175794381824864e-02	4.131955224339195487e-02	1.433319689906932259e-01	0.000000000000000000e+00	0.000000000000000000e+00	0.000000000000000000e+00	0.000000000000000000e+00	1.558251651006173355e-02	1.761475577074285426e-02	0.000000000000000000e+00	0.000000000000000000e+00	1.157547599824568577e-02	1.831386160924842327e-02	6.792569632908732405e-03	0.000000000000000000e+00	0.000000000000000000e+00	0.000000000000000000e+00	0.000000000000000000e+00	5.821175794381824864e-02	0.000000000000000000e+00	0.000000000000000000e+00	0.000000000000000000e+00	1.558251651006173355e-02	3.402721915577891498e-01	8.819045644501823100e-02	1.558251651006173355e-02	0.000000000000000000e+00	0.000000000000000000e+00	0.000000000000000000e+00	0.000000000000000000e+00	1.333401249355514462e-01	3.887416488052117952e-02	7.400676651345442121e-03	0.000000000000000000e+00	2.994050664161734820e-01	6.792569632908732405e-03	1.433319689906932259e-01	0.000000000000000000e+00	0.000000000000000000e+00	0.000000000000000000e+00	0.000000000000000000e+00	0.000000000000000000e+00	2.070669615263043550e-01	0.000000000000000000e+00	0.000000000000000000e+00	0.000000000000000000e+00	0.000000000000000000e+00	4.005342104679182613e-02	1.831386160924842327e-02	5.821175794381824864e-02	0.000000000000000000e+00
8.837069923585221670e-03	9.430100075407858717e-02	4.887659371703834132e-02	0.000000000000000000e+00	2.363517272454424278e-01	0.000000000000000000e+00	0.000000000000000000e+00	2.363517272454424278e-01	2.363517272454424278e-01	0.000000000000000000e+00	0.000000000000000000e+00	1.223660210445632196e-01	2.363517272454424278e-01	5.519625456782498857e-02	6.434379415089931664e-02	1.250914835521527158e-01	1.130200066577254359e-01	1.418817442984975606e-02	0.000000000000000000e+00	0.000000000000000000e+00	0.000000000000000000e+00	3.263722349086878305e-02	0.000000000000000000e+00	5.757548768905378957e-03	2.363517272454424278e-01	0.000000000000000000e+00	6.838298681626639453e-02	0.000000000000000000e+00	6.838298681626639453e-02	2.650818584441069076e-02	0.000000000000000000e+00	6.838298681626639453e-02	2.363517272454424278e-01	3.801489663859095730e-02	2.460918020430821751e-01	1.705550978138314563e-02	1.813289213926222790e-02	0.000000000000000000e+00	0.000000000000000000e+00	6.518939006267918113e-02	4.175148897518130009e-02	0.000000000000000000e+00	4.305406110564030664e-02	0.000000000000000000e+00	3.234177545158542499e-02	7.602578908495243037e-02	4.278181885336385104e-02	8.837069923584952788e-03	6.838298681626639453e-02	6.838298681626639453e-02	2.486258151658650717e-01	0.000000000000000000e+00	2.974030019227272281e-02	0.000000000000000000e+00	1.857892618344589575e-01	1.944903374438559929e-01	0.000000000000000000e+00	6.434379415089931664e-02	1.957315925634550355e-02	5.087756961373822266e-03	3.228880303590943995e-02	2.363517272454424278e-01	1.418817442984979943e-02	0.000000000000000000e+00	5.519625456782498857e-02	1.705550978138307971e-02	0.000000000000000000e+00	6.838298681626639453e-02	0.000000000000000000e+00	1.009907564149473969e-01	0.000000000000000000e+00	0.000000000000000000e+00	8.837069923584952788e-03	0.000000000000000000e+00	0.000000000000000000e+00	3.234177545158551520e-02	0.000000000000000000e+00	2.974030019227272281e-02	7.602578908495243037e-02	0.000000000000000000e+00	0.000000000000000000e+00	4.805700294282400781e-02	1.651277673078276748e-02	3.784466190445102962e-02	1.418817442984975433e-02	0.000000000000000000e+00	0.000000000000000000e+00	6.461445258795465996e-02	1.957315925634550008e-02	0.000000000000000000e+00	7.405142054187874301e-02	2.968486439736813150e-03	1.254370104409061049e-01	5.519625456782498857e-02	0.000000000000000000e+00	2.650818584441072545e-02	2.221450285152732837e-03	2.363517272454424278e-01	6.838298681626639453e-02	1.534768848700454602e-01
2.293147783467208711e-02	3.459698432157518044e-02	8.313776682080316338e-02	7.970365180226771096e-02	4.309812727010118860e-01	1.831386160924842327e-02	2.363517272454424278e-01	0.000000000000000000e+00	4.309812727010118860e-01	0.000000000000000000e+00	3.269367011128204020e-02	1.106310304623916579e-01	4.309812727010118860e-01	6.510681586321968861e-02	0.000000000000000000e+00	9.088525573570292726e-02	1.081069353904806629e-01	0.000000000000000000e+00	0.000000000000000000e+00	0.000000000000000000e+00	7.970365180226771096e-02	0.000000000000000000e+00	5.589789001130446603e-04	7.818630466410879387e-02	4.309812727010118860e-01	0.000000000000000000e+00	7.028060922019115173e-04	0.000000000000000000e+00	7.028060922019115173e-04	1.359793883192522979e-01	0.000000000000000000e+00	7.028060922019115173e-04	4.309812727010118860e-01	1.655626003882633077e-02	7.963826510150945337e-02	0.000000000000000000e+00	8.313782144304231181e-02	5.806048619540746247e-03	0.000000000000000000e+00	1.091444218876079231e-01	4.754646281196256430e-02	0.000000000000000000e+00	5.568172279830269078e-02	8.333241484688806711e-02	4.923222866864777891e-02	9.107100755038813333e-02	8.995383502852252744e-02	2.293147783467209405e-02	7.028060922019115173e-04	7.028060922019115173e-04	1.423437871253810383e-02	7.970365180226762769e-02	1.456159581037635292e-02	1.203796224402089651e-02	5.119468811197505631e-02	1.918749934249137368e-01	0.000000000000000000e+00	0.000000000000000000e+00	3.707073142336991117e-02	1.267374696472224893e-01	0.000000000000000000e+00	4.309812727010118860e-01	0.000000000000000000e+00	3.099282328260857811e-02	6.510681586321963310e-02	0.000000000000000000e+00	5.616563917337128592e-02	7.028060922019115173e-04	2.428231218445112832e-02	1.285410803686025116e-01	2.265978425580692304e-02	0.000000000000000000e+00	2.293147783467208711e-02	5.252381977162408344e-02	0.000000000000000000e+00	4.923222866864787606e-02	0.000000000000000000e+00	1.456159581037635639e-02	9.107100755038811946e-02	3.359993421679353248e-03	0.000000000000000000e+00	1.486174611928788303e-01	9.065317453840367884e-03	4.536069181562733810e-02	0.000000000000000000e+00	7.970365180226762769e-02	3.698211603228352545e-02	5.912128725264129830e-02	3.707073142336990423e-02	0.000000000000000000e+00	8.588987157166050324e-02	0.000000000000000000e+00	5.898147855346830976e-02	6.510681586321964698e-02	8.131749561643396296e-02	1.359793883192523534e-01	4.598157561973215818e-02	4.309812727010118860e-01	7.028060922019115173e-04	1.586968038348975651e-01
2.293147783467208711e-02	3.459698432157518044e-02	8.313776682080316338e-02	7.970365180226771096e-02	4.309812727010118860e-01	1.831386160924842327e-02	2.363517272454424278e-01	4.309812727010118860e-01	0.000000000000000000e+00	0.000000000000000000e+00	3.269367011128204020e-02	1.106310304623916579e-01	4.309812727010118860e-01	6.510681586321968861e-02	0.000000000000000000e+00	9.088525573570292726e-02	1.081069353904806629e-01	0.000000000000000000e+00	0.000000000000000000e+00	0.000000000000000000e+00	7.970365180226771096e-02	0.000000000000000000e+00	5.589789001130446603e-04	7.818630466410879387e-02	4.309812727010118860e-01	0.000000000000000000e+00	7.028060922019115173e-04	0.000000000000000000e+00	7.028060922019115173e-04	1.359793883192522979e-01	0.000000000000000000e+00	7.028060922019115173e-04	4.309812727010118860e-01	1.655626003882633077e-02	7.963826510150945337e-02	0.000000000000000000e+00	8.313782144304231181e-02	5.806048619540746247e-03	0.000000000000000000e+00	1.091444218876079231e-01	4.754646281196256430e-02	0.000000000000000000e+00	5.568172279830269078e-02	8.333241484688806711e-02	4.923222866864777891e-02	9.107100755038813333e-02	8.995383502852252744e-02	2.293147783467209405e-02	7.028060922019115173e-04	7.028060922019115173e-04	1.423437871253810383e-02	7.970365180226762769e-02	1.456159581037635292e-02	1.203796224402089651e-02	5.119468811197505631e-02	1.918749934249137368e-01	0.000000000000000000e+00	0.000000000000000000e+00	3.707073142336991117e-02	1.267374696472224893e-01	0.000000000000000000e+00	4.309812727010118860e-01	0.000000000000000000e+00	3.099282328260857811e-02	6.510681586321963310e-02	0.000000000000000000e+00	5.616563917337128592e-02	7.028060922019115173e-04	2.428231218445112832e-02	1.285410803686025116e-01	2.265978425580692304e-02	0.000000000000000000e+00	2.293147783467208711e-02	5.252381977162408344e-02	0.000000000000000000e+00	4.923222866864787606e-02	0.000000000000000000e+00	1.456159581037635639e-02	9.107100755038811946e-02	3.359993421679353248e-03	0.000000000000000000e+00	1.486174611928788303e-01	9.065317453840367884e-03	4.536069181562733810e-02	0.000000000000000000e+00	7.970365180226762769e-02	3.698211603228352545e-02	5.912128725264129830e-02	3.707073142336990423e-02	0.000000000000000000e+00	8.588987157166050324e-02	0.000000000000000000e+00	5.898147855346830976e-02	6.510681586321964698e-02	8.131749561643396296e-02	1.359793883192523534e-01	4.598157561973215818e-02	4.309812727010118860e-01	7.028060922019115173e-04	1.586968038348975651e-01
0.000000000000000000e+00	2.172216282422451128e-02	0.000000000000000000e+00	5.067711845527319734e-04	0.000000000000000000e+00	1.558251651006173355e-02	0.000000000000000000e+00	0.000000000000000000e+00	0.000000000000000000e+00	0.000000000000000000e+00	6.361768692885172438e-02	5.282871164430000266e-02	0.000000000000000000e+00	3.885279912108456635e-02	4.024041026380631089e-03	1.955416111083696507e-02	7.082396251491364370e-02	1.259473142631115095e-01	3.826772368151095116e-01	3.826772368151095116e-01	5.067711845527319734e-04	4.447049816172062714e-02	5.732988991981711677e-03	0.000000000000000000e+00	0.000000000000000000e+00	9.180715357952599909e-02	1.261090579579186299e-01	6.202252447105763289e-02	1.261090579579186299e-01	0.000000000000000000e+00	3.826772368151095116e-01	1.261090579579186299e-01	0.000000000000000000e+00	0.000000000000000000e+00	4.418982969716148818e-02	5.425439794928081649e-02	0.000000000000000000e+00	0.000000000000000000e+00	3.826772368151095116e-01	0.000000000000000000e+00	0.000000000000000000e+00	3.826772368151095116e-01	5.477328076274994018e-02	1.830450934106982522e-02	4.614515603988556675e-03	0.000000000000000000e+00	2.943006913323150883e-02	0.000000000000000000e+00	1.261090579579186299e-01	1.261090579579186299e-01	0.000000000000000000e+00	5.067711845526509835e-04	0.000000000000000000e+00	0.000000000000000000e+00	1.032256904891132353e-03	0.000000000000000000e+00	3.826772368151095116e-01	4.024041026380631089e-03	1.012443587380638770e-02	5.262228148705078937e-04	2.048976600741495013e-02	0.000000000000000000e+00	1.259473142631115372e-01	4.336112892907010435e-02	3.885279912108452471e-02	5.425439794928074710e-02	1.323827359890256648e-02	1.261090579579186299e-01	1.219537817911999084e-01	6.828537287884364759e-02	7.115046372701576936e-03	3.826772368151095671e-01	0.000000000000000000e+00	1.301913515099667462e-01	3.826772368151095671e-01	4.614515603988650350e-03	9.180715357952597133e-02	0.000000000000000000e+00	0.000000000000000000e+00	4.353840188088112934e-02	0.000000000000000000e+00	0.000000000000000000e+00	4.189181999611352875e-02	0.000000000000000000e+00	1.259473142631114539e-01	5.067711845526509835e-04	0.000000000000000000e+00	0.000000000000000000e+00	1.012443587380638596e-02	2.722873036532992910e-02	2.283742333685418596e-02	0.000000000000000000e+00	0.000000000000000000e+00	3.885279912108453165e-02	0.000000000000000000e+00	0.000000000000000000e+00	1.037912368983441927e-02	0.000000000000000000e+00	1.261090579579186299e-01	0.000000000000000000e+00
1.224144549002439963e-02	0.000000000000000000e+00	2.010348971157466941e-02	8.677871862597429445e-03	3.269367011128204020e-02	0.000000000000000000e+00	0.000000000000000000e+00	3.269367011128204020e-02	3.269367011128204020e-02	6.361768692885172438e-02	0.000000000000000000e+00	3.768196910235271924e-02	3.269367011128173489e-02	1.355075508817344954e-01	0.000000000000000000e+00	0.000000000000000000e+00	2.483159199563930719e-01	9.584474505195525115e-03	6.361768692885172438e-02	6.361768692885172438e-02	8.677871862596804944e-03	3.425994568095269005e-02	1.564261864113686284e-01	3.813059194038490030e-02	3.269367011128173489e-02	8.211836310710284026e-03	8.836241208411454995e-02	8.443565303310660020e-02	8.836241208411454995e-02	0.000000000000000000e+00	6.361768692885172438e-02	8.836241208411454995e-02	3.269367011128173489e-02	3.950711325554537856e-01	0.000000000000000000e+00	0.000000000000000000e+00	0.000000000000000000e+00	1.339474401548918503e-01	6.361768692885172438e-02	0.000000000000000000e+00	0.000000000000000000e+00	6.361768692885172438e-02	0.000000000000000000e+00	0.000000000000000000e+00	6.199414381560380827e-02	0.000000000000000000e+00	0.000000000000000000e+00	1.224144549002439963e-02	8.836241208411454995e-02	8.836241208411454995e-02	0.000000000000000000e+00	8.677871862596804944e-03	0.000000000000000000e+00	2.339745594650761429e-01	0.000000000000000000e+00	2.173920000432456347e-03	6.361768692885172438e-02	0.000000000000000000e+00	1.304758861429606842e-01	0.000000000000000000e+00	0.000000000000000000e+00	3.269367011128173489e-02	9.584474505195525115e-03	5.294360811194440131e-02	1.355075508817344954e-01	0.000000000000000000e+00	0.000000000000000000e+00	8.836241208411454995e-02	1.527900692864609332e-04	0.000000000000000000e+00	0.000000000000000000e+00	6.361768692885172438e-02	1.224144549002439963e-02	0.000000000000000000e+00	6.361768692885172438e-02	6.199414381560387072e-02	8.211836310710251066e-03	0.000000000000000000e+00	0.000000000000000000e+00	0.000000000000000000e+00	1.634861573903874099e-01	0.000000000000000000e+00	4.282632243799183031e-02	0.000000000000000000e+00	9.584474505195525115e-03	8.677871862596804944e-03	0.000000000000000000e+00	1.373492432048486755e-01	1.304758861429606842e-01	1.101086544893714464e-01	2.259675531557291464e-02	0.000000000000000000e+00	0.000000000000000000e+00	1.355075508817344954e-01	0.000000000000000000e+00	0.000000000000000000e+00	7.251937291704883826e-02	3.269367011128173489e-02	8.836241208411454995e-02	0.000000000000000000e+00
5.397891149691187024e-02	0.000000000000000000e+00	0.000000000000000000e+00	0.000000000000000000e+00	1.106310304623916579e-01	0.000000000000000000e+00	1.223660210445632196e-01	1.106310304623916579e-01	1.106310304623916579e-01	5.282871164430000266e-02	3.768196910235271924e-02	0.000000000000000000e+00	1.106310304623919633e-01	7.024892496726778401e-02	7.118210374817186825e-02	4.892236106341340401e-02	3.666324321079060256e-01	6.391285929077898664e-02	5.282871164429971123e-02	5.282871164429971123e-02	0.000000000000000000e+00	0.000000000000000000e+00	1.260657356449595458e-02	7.947575432764326236e-03	1.106310304623919633e-01	1.444443977710805627e-01	1.132614175179787186e-01	6.485223124687607144e-02	1.132614175179787186e-01	0.000000000000000000e+00	5.282871164429971123e-02	1.132614175179787186e-01	1.106310304623919633e-01	7.698094449311790322e-02	0.000000000000000000e+00	6.036027407282608392e-02	7.057554403110272156e-02	0.000000000000000000e+00	5.282871164429971123e-02	1.636808654097089977e-01	7.407218898488771019e-02	5.282871164429971123e-02	0.000000000000000000e+00	0.000000000000000000e+00	0.000000000000000000e+00	0.000000000000000000e+00	1.563003333879994794e-01	5.397891149691187024e-02	1.132614175179787186e-01	1.132614175179787186e-01	1.094313474031947259e-01	0.000000000000000000e+00	1.028304013388022149e-04	3.458205307411255092e-02	7.331667612413068913e-02	2.352407184791576178e-01	5.282871164429971123e-02	7.118210374817186825e-02	0.000000000000000000e+00	3.155608080034338903e-02	4.819400905577932853e-02	1.106310304623919633e-01	6.391285929077901440e-02	0.000000000000000000e+00	7.024892496726778401e-02	6.036027407282601454e-02	7.305578832057105232e-02	1.132614175179787186e-01	3.927668066652024309e-02	9.920203198612452533e-02	3.650473392404130629e-02	5.282871164429971816e-02	5.397891149691187024e-02	1.033511818837697382e-01	5.282871164429971816e-02	0.000000000000000000e+00	1.444443977710805349e-01	1.028304013388022420e-04	0.000000000000000000e+00	2.588406445787284071e-01	3.833102106330030789e-01	3.038002582588807815e-02	1.807958653430240953e-02	0.000000000000000000e+00	6.391285929077898664e-02	0.000000000000000000e+00	2.180634113017457590e-02	2.577587889305860830e-02	0.000000000000000000e+00	1.178428964791250894e-01	0.000000000000000000e+00	3.992418036691887384e-02	6.292691297888934610e-02	7.024892496726778401e-02	0.000000000000000000e+00	0.000000000000000000e+00	0.000000000000000000e+00	1.106310304623919633e-01	1.132614175179787186e-01	3.051919891549458377e-02
2.293147783467208711e-02	3.459698432157518044e-02	8.313776682080316338e-02	7.970365180226771096e-02	4.309812727010118860e-01	1.831386160924842327e-02	2.363517272454424278e-01	4.309812727010118860e-01	4.309812727010118860e-01	0.000000000000000000e+00	3.269367011128173489e-02	1.106310304623919633e-01	0.000000000000000000e+00	6.510681586321968861e-02	0.000000000000000000e+00	9.088525573570292726e-02	1.081069353904806629e-01	0.000000000000000000e+00	0.000000000000000000e+00	0.000000000000000000e+00	7.970365180226771096e-02	0.000000000000000000e+00	5.589789001130446603e-04	7.818630466410879387e-02	4.309812727010118860e-01	0.000000000000000000e+00	7.028060922019115173e-04	0.000000000000000000e+00	7.028060922019115173e-04	1.359793883192522979e-01	0.000000000000000000e+00	7.028060922019115173e-04	4.309812727010118860e-01	1.655626003882633077e-02	7.963826510150945337e-02	0.000000000000000000e+00	8.313782144304231181e-02	5.806048619540746247e-03	0.000000000000000000e+00	1.091444218876079231e-01	4.754646281196256430e-02	0.000000000000000000e+00	5.568172279830269078e-02	8.333241484688806711e-02	4.923222866864777891e-02	9.107100755038813333e-02	8.995383502852252744e-02	2.293147783467209405e-02	7.028060922019115173e-04	7.028060922019115173e-04	1.423437871253810383e-02	7.970365180226762769e-02	1.456159581037635292e-02	1.203796224402089651e-02	5.119468811197505631e-02	1.918749934249137368e-01	0.000000000000000000e+00	0.000000000000000000e+00	3.707073142336991117e-02	1.267374696472224893e-01	0.000000000000000000e+00	4.309812727010118860e-01	0.000000000000000000e+00	3.099282328260857811e-02	6.510681586321963310e-02	0.000000000000000000e+00	5.616563917337128592e-02	7.028060922019115173e-04	2.428231218445112832e-02	1.285410803686025116e-01	2.265978425580692304e-02	0.000000000000000000e+00	2.293147783467208711e-02	5.252381977162408344e-02	0.000000000000000000e+00	4.923222866864787606e-02	0.000000000000000000e+00	1.456159581037635639e-02	9.107100755038811946e-02	3.359993421679353248e-03	0.000000000000000000e+00	1.486174611928788303e-01	9.065317453840367884e-03	4.536069181562733810e-02	0.000000000000000000e+00	7.970365180226762769e-02	3.698211603228352545e-02	5.912128725264129830e-02	3.707073142336990423e-02	0.000000000000000000e+00	8.588987157166050324e-02	0.000000000000000000e+00	5.898147855346830976e-02	6.510681586321964698e-02	8.131749561643396296e-02	1.359793883192523534e-01	4.598157561973215818e-02	4.309812727010118860e-01	7.028060922019115173e-04	1.586968038348975651e-01
0.000000000000000000e+00	5.900265443526475986e-03	1.251030963450236455e-01	1.406333095105618408e-02	6.510681586321968861e-02	0.000000000000000000e+00	5.519625456782498857e-02	6.510681586321968861e-02	6.510681586321968861e-02	3.885279912108456635e-02	1.355075508817344954e-01	7.024892496726778401e-02	6.510681586321968861e-02	0.000000000000000000e+00	2.050481374612785762e-02	2.136106443152463799e-02	2.796084195704733322e-01	4.886132338739126307e-02	3.885279912108435818e-02	3.885279912108435818e-02	1.406333095105618755e-02	1.316047421117036138e-04	2.328168358362844026e-01	2.131175901303366815e-01	6.510681586321948044e-02	6.824115479299971976e-02	7.171599136147865927e-02	8.802540009833272061e-02	7.171599136147864539e-02	3.859960738089322080e-02	3.885279912108435818e-02	7.171599136147864539e-02	6.510681586321948044e-02	2.041796903615756831e-01	1.112940805410363582e-01	1.179466483006100241e-02	2.027361879355570051e-01	1.501172910232271840e-01	3.885279912108435818e-02	1.075660037641042871e-01	1.939450318562821809e-02	3.885279912108435818e-02	1.553214824536165162e-01	5.980454029654177356e-02	3.969132150838849959e-02	1.977862562265085000e-01	8.871788418414537636e-02	0.000000000000000000e+00	7.171599136147865927e-02	7.171599136147865927e-02	0.000000000000000000e+00	1.406333095105610428e-02	8.233048962461733677e-02	9.987856535929179325e-02	8.191254330585967525e-02	8.941041396895213489e-02	3.885279912108437206e-02	2.050481374612785762e-02	1.497075479707773993e-01	1.703586515081327579e-01	5.316308763070372312e-02	6.510681586321946657e-02	4.886132338739130471e-02	6.996379285753050181e-02	6.803415885936444640e-01	1.179466483006093996e-02	8.666119377932546275e-02	7.171599136147865927e-02	0.000000000000000000e+00	7.333295797154393281e-02	8.054970172816941498e-02	3.885279912108439981e-02	0.000000000000000000e+00	5.188903397965868164e-02	3.885279912108439981e-02	3.969132150838859674e-02	6.824115479299969200e-02	8.233048962461733677e-02	1.977862562265085000e-01	3.048132011290612467e-02	1.323604896031183586e-01	1.588748361163826867e-02	1.299662543754922517e-01	1.105231338082842546e-02	4.886132338739125613e-02	1.406333095105610428e-02	6.394245301738953058e-02	9.199212461778501215e-02	1.497075479707773715e-01	8.953819957487474390e-02	5.379739831930210187e-02	2.249929437976466023e-02	0.000000000000000000e+00	6.803415885936445751e-01	1.668547418034637686e-01	3.859960738089326243e-02	6.473608132694527728e-03	6.510681586321948044e-02	7.171599136147865927e-02	5.480499424843957718e-02
1.394678708573816595e-01	3.483961690015578705e-02	0.000000000000000000e+00	0.000000000000000000e+00	0.000000000000000000e+00	1.761475577074285426e-02	6.434379415089931664e-02	0.000000000000000000e+00	0.000000000000000000e+00	4.024041026380631089e-03	0.000000000000000000e+00	7.118210374817186825e-02	0.000000000000000000e+00	2.050481374612785762e-02	0.000000000000000000e+00	1.053150668035370274e-01	1.004085105310251330e-01	0.000000000000000000e+00	4.024041026380631089e-03	4.024041026380631089e-03	0.000000000000000000e+00	0.000000000000000000e+00	0.000000000000000000e+00	0.000000000000000000e+00	0.000000000000000000e+00	0.000000000000000000e+00	3.535395202876791959e-02	0.000000000000000000e+00	3.535395202876791959e-02	0.000000000000000000e+00	4.024041026380631089e-03	3.535395202876791959e-02	0.000000000000000000e+00	0.000000000000000000e+00	0.000000000000000000e+00	1.572780586505769310e-02	0.000000000000000000e+00	2.007212019566060462e-02	4.024041026380631089e-03	6.324223847490270667e-02	0.000000000000000000e+00	4.024041026380631089e-03	3.621833005224653346e-02	0.000000000000000000e+00	0.000000000000000000e+00	4.261941974936668542e-02	0.000000000000000000e+00	1.394678708573813819e-01	3.535395202876791959e-02	3.535395202876791959e-02	8.102963405513431694e-02	0.000000000000000000e+00	0.000000000000000000e+00	0.000000000000000000e+00	0.000000000000000000e+00	0.000000000000000000e+00	4.024041026380631089e-03	1.000000000000000000e+00	0.000000000000000000e+00	0.000000000000000000e+00	2.808106330073746326e-01	0.000000000000000000e+00	0.000000000000000000e+00	0.000000000000000000e+00	2.050481374612756619e-02	1.572780586505769310e-02	0.000000000000000000e+00	3.535395202876791959e-02	0.000000000000000000e+00	0.000000000000000000e+00	0.000000000000000000e+00	4.024041026380631089e-03	1.394678708573813819e-01	0.000000000000000000e+00	4.024041026380631089e-03	0.000000000000000000e+00	0.000000000000000000e+00	0.000000000000000000e+00	4.261941974936668542e-02	0.000000000000000000e+00	6.658343492925795828e-04	0.000000000000000000e+00	0.000000000000000000e+00	5.921454014470424465e-02	0.000000000000000000e+00	0.000000000000000000e+00	0.000000000000000000e+00	3.054597440535321978e-02	0.000000000000000000e+00	0.000000000000000000e+00	0.000000000000000000e+00	2.738388724500879882e-03	4.803323557691984574e-02	2.050481374612756619e-02	0.000000000000000000e+00	0.000000000000000000e+00	0.000000000000000000e+00	0.000000000000000000e+00	3.535395202876791959e-02	2.657639044156341612e-02
1.818863422465413215e-01	2.564532015277988519e-02	0.000000000000000000e+00	0.000000000000000000e+00	9.088525573570292726e-02	0.000000000000000000e+00	1.250914835521527158e-01	9.088525573570292726e-02	9.088525573570292726e-02	1.955416111083696507e-02	0.000000000000000000e+00	4.892236106341340401e-02	9.088525573570292726e-02	2.136106443152463799e-02	1.053150668035370274e-01	0.000000000000000000e+00	1.603104158289923864e-01	0.000000000000000000e+00	1.955416111083696507e-02	1.955416111083696507e-02	0.000000000000000000e+00	9.878095123125256016e-04	3.349671787735701567e-02	0.000000000000000000e+00	9.088525573570258032e-02	0.000000000000000000e+00	3.138946189677296189e-02	5.755930619082171018e-02	3.138946189677296189e-02	0.000000000000000000e+00	1.955416111083696507e-02	3.138946189677296189e-02	9.088525573570258032e-02	3.249855314229901232e-02	0.000000000000000000e+00	6.646128452335353654e-02	0.000000000000000000e+00	0.000000000000000000e+00	1.955416111083696507e-02	0.000000000000000000e+00	1.506634244969361491e-01	1.955416111083696507e-02	3.023967671988478378e-01	0.000000000000000000e+00	0.000000000000000000e+00	5.099746417435504359e-02	3.864444458770496110e-02	1.818863422465413493e-01	3.138946189677296189e-02	3.138946189677296189e-02	0.000000000000000000e+00	0.000000000000000000e+00	1.870964237240293204e-01	0.000000000000000000e+00	2.083624136682712402e-01	0.000000000000000000e+00	1.955416111083696507e-02	1.053150668035377352e-01	2.553344903087248485e-01	0.000000000000000000e+00	1.082290976877117589e-01	9.088525573570258032e-02	0.000000000000000000e+00	8.256557965485171457e-02	2.136106443152463799e-02	6.646128452335349490e-02	1.071204377173409356e-01	3.138946189677296189e-02	0.000000000000000000e+00	1.603313099477069459e-01	0.000000000000000000e+00	1.955416111083696507e-02	1.818863422465413215e-01	8.839028166135244960e-03	1.955416111083696507e-02	0.000000000000000000e+00	0.000000000000000000e+00	1.870964237240293204e-01	5.099746417435504359e-02	0.000000000000000000e+00	0.000000000000000000e+00	0.000000000000000000e+00	0.000000000000000000e+00	1.770733962568265540e-01	0.000000000000000000e+00	0.000000000000000000e+00	3.796808303804725254e-02	2.105129963167941612e-02	2.553344903087248485e-01	1.931793577286165103e-02	0.000000000000000000e+00	0.000000000000000000e+00	7.279283803364934580e-02	2.136106443152463799e-02	1.049331953807078055e-01	0.000000000000000000e+00	0.000000000000000000e+00	9.088525573570258032e-02	3.138946189677296189e-02	0.000000000000000000e+00
