	lon	rpoH	mopA	htpG	rpoE_rseABC	ibpAB	ecfABC	ecfH	fkpA	crp	araE	xprB_dsbC_recJ	lpxDA_fabZ	ppiA	dnaA	ptsHI_crr	cirA	cyaA	speC	araBAD	clpP	nagBACD	araJ	nupG	ecfK	fur	yhfA	srlAEBD_gutM_srlR_gutQ	fucPIKUR	mopB	mglBAC	malK_lamB_malM	uppS_cdsA_ecfE	fecIR	sodA	tnaLAB	deoCABD	fepB	glgS	htrA	acs	ebgAC	araC	ansB	fnr	himA	cytR	narK	gntKU	ivbL_ilvBN	icdA	hflB	arcA	fhuACDB	frdABCD	ecfD	malEFG	narL	appY	dcuB_fumB	focA_pflB	ecfG	melAB	tdcABCDEFG	gltA	fixABCX	hypABCDE	fucAO	nuoABCEFGHIJKLMN	aceBAK	caiTABCDE	malT	nrfABCDEFG	tsx	gntT	cydAB	manXYZ	appCBA	ompC	yjdHG	cpxAR	htpY	malI	dnaKJ	malS	grpE	deoR	pspABCDE	sdhCDAB_b0725_sucABCD	dmsABC	ostA_surA_pdxA	FruR	marRAB	cyoABCDE	tonB	soxS	nfo	rpoD	uhpT	caiF	bgr_oxyR	bgr_gorA	bgr_katG	bgr_nlpD_rpoS	bgr_ahpCF	bgr_dps	bgr_himA	bgr_proP	bgr_crp	bgr_yhdG_fis	bgr_osmY	bgr_osmC	bgr_hns	bgr_acs	bgr_fnr	bgr_fur	bgr_cspA	bgr_rhaBAD	bgr_rhaSR	bgr_araE	bgr_nagE	bgr_rpoH	bgr_dnaA	bgr_cytR	bgr_tonB	bgr_mopA	bgr_gltA	bgr_speC	bgr_fucAO	bgr_nupG	bgr_deoR	bgr_malXY	bgr_fliAZY	bgr_flhDC	bgr_lacZYA	bgr_lacI	bgr_caiTABCDE	bgr_caiF	bgr_narL	bgr_malEFG	bgr_manXYZ	bgr_mlc	bgr_pdhR_aceEF_lpdA	bgr_proK	bgr_ansB	bgr_valUXY_lysV	bgr_pheU	bgr_cyaA	bgr_proL	bgr_pheV	bgr_flgBCDEFGHIJK	bgr_ubiG	bgr_araJ	bgr_ibpAB	bgr_gntKU	bgr_gntR	bgr_sdhCDAB_b0725_sucABCD	bgr_tsx	bgr_fhuACDB	bgr_aldB	bgr_rhaT	bgr_fucPIKUR	bgr_glgS	bgr_fliFGHIJK	bgr_mopB	bgr_malT	bgr_hypABCDE	bgr_malK_lamB_malM	bgr_tdcABCDEFG	bgr_metT_leuW_glnUW_metU_glnVX	bgr_osmE	bgr_dnaKJ	bgr_clpP	bgr_hflB	bgr_nrdAB	bgr_tyrTV	bgr_aspV	bgr_glcDEFGB	bgr_glcC	bgr_narK	bgr_mglBAC	bgr_arcA	bgr_dcuB_fumB	bgr_ompR_envZ	bgr_fliDST	bgr_uhpT	bgr_yiaKLMNOPQRS	bgr_argU	bgr_ptsHI_crr	bgr_pspABCDE	bgr_fixABCX	bgr_nagBACD	bgr_fliE	bgr_serT	bgr_gyrA	bgr_rcsAB	bgr_entCEBA	bgr_cyoABCDE	bgr_araC	bgr_icdA
lon	0.0	0.4178842807382803	0.31591037104535996	0.31132293539396105	0.11859770178719588	0.611662610439094	0.11365317178112884	0.524217889775387	0.3272208245356745	0.075619643915725	0.0	0.44311998229604743	0.4598468923043613	0.0	0.0925168527350287	0.07877994051065819	0.0	0.0	0.0	0.0	0.4731865490126378	0.0	0.0	0.0	0.45190078511458404	0.0	0.0	0.0	0.0	0.5753227267110976	0.0	0.0	0.24975931331075496	0.0	0.0	0.0	0.023692186289056793	0.0017109741263124155	0.0	0.26994613450916377	0.1476217763564577	0.0	0.0	0.05251638986514404	0.0	0.06344845553804913	0.3893975230612506	0.052361221526367276	0.0	0.0	0.015404756151602745	0.4188995394150374	0.0	0.0	0.11677719774609638	0.5266779006354667	0.0	0.0	0.0	0.011238503364303378	0.0	0.12436809088347245	0.0	0.0	0.0	0.0	0.05557313046294704	0.0	0.0	0.0	0.001179687815138209	0.025083533861622823	0.07847667121214631	0.02842382446869261	0.03150441456219518	0.2948308615547116	0.0	0.021671674066598413	0.0	0.0	0.15654802430030454	0.44440495923667334	0.0	0.6332750618415787	0.08377314965517754	0.46135233656584435	0.11590156525582301	0.0	0.0	0.07642542479187941	0.18600423326223803	0.18502086768809367	0.14406253318510587	0.00918077073600525	0.0	0.0	0.0	0.29245708708272516	0.0	0.0	0.4717244570787442	0.00771568646387782	0.0	0.0	0.12502850315459518	0.04493630662121323	0.03038585508348562	0.0	0.1079923280514412	0.0	0.0	0.0	0.011111575600698802	0.0011500570641358448	0.002845184095345739	0.021783390364477906	0.09924925877629731	0.0	0.0	0.15471811207976177	0.03831620007441081	0.11748127162006586	0.0	0.13050174941843426	0.2111429734627566	0.0788101263657426	0.06443668754040154	0.0	0.21033823352874678	0.003091122921821374	0.05422472268975671	0.0	0.0	0.0	0.22908096500721328	0.003962946612822471	0.010201848880097704	0.0	0.0	0.0	0.0	0.0	0.21747833694625945	0.0	0.025438628431603483	0.09200377054343693	0.1372230751899069	0.0	0.08448468951857074	0.10159838072266056	0.0	0.0	0.0	0.11593029846734017	0.0	0.0	0.0	0.2296449471297067	0.0	0.0	0.0	0.11497403203791107	0.2005112865828341	0.160499678432094	0.03242332902796016	0.06805226630664359	0.1367228121566908	0.01516965181758441	0.05340688092020477	0.0	0.0	0.05155444610864332	0.0	0.0	0.005669553394534884	0.04048505790518202	0.0	0.05733048101079215	0.0	0.0	0.09856454252044665	0.030042049217136407	0.0	0.0	0.0	0.0623884400398475	0.3090829456310574	0.0	0.0	0.2196189516232111	0.0	0.0	0.04190092590893239	0.12234785644953887	0.0	0.0	0.0	0.0	0.06832648610965178	0.0
rpoH	0.4178842807382803	0.0	0.3421646094041661	0.5276040405028258	0.3540404970812378	0.43957053284247016	0.21037098322094602	0.36125325571777256	0.4488222991991313	0.03776913800657773	0.04449603115163656	0.33604803542117395	0.18701370132239722	0.20296873461122644	0.16846206003693548	0.03682548577272494	0.05696609566492385	0.060265811310380134	0.0	0.0	0.43629139763667074	0.0	0.0486416603570934	0.02604224054498513	0.15858935715448957	0.006409159057993384	0.0	0.12761988081379827	0.030502853216364083	0.7095094954222354	0.0	0.01742038571616353	0.2182190172307326	0.0	0.0	0.0	0.08359625904812205	0.09310968591792204	0.0	0.6133255357743304	0.0935494564024569	0.11498361401573767	0.08194803624747052	0.0	0.18427244929089423	0.0	0.3529835849981293	0.018353179761048843	0.006821346014346965	0.03609985964641518	0.0	0.5960854134736976	0.0	0.0	0.10742696267583689	0.27453508535842697	0.0	0.12813880702744576	0.0	0.049395846713288616	0.18864856127324447	0.2661927320044961	0.0	0.09697611631090886	0.0	0.0	0.04370044610298267	0.0	0.047746958513501636	0.024984771033547307	0.0	0.0	0.007825014628028131	0.1992282645669305	0.03404250515870512	0.0	0.0	0.0	0.0	0.09488887975845964	0.15376852788110745	0.4964027176450964	0.0	0.3470411732235805	0.04534296714392083	0.44976263726010507	0.0	0.0	0.04816732086133907	0.011044757943832192	0.2327107396773079	0.012998952019322059	0.0	0.0	0.053952857666242054	0.0	0.0	0.24714940631449345	0.02239957223839788	0.07627047708125514	0.0	0.0	0.0017395388205898707	0.11644204210397643	0.01144339621505943	0.0	0.0	0.0	0.04006928451844479	0.0	0.0	0.0	0.10498500441757475	0.0	0.042071596113227756	0.0	0.0	0.0	0.0	0.0	0.033366179237025215	0.05704211023651095	0.0	0.2058638652615631	0.13939483940641814	0.0	0.0	0.0	0.002647285170610807	0.0	0.0	0.06967269963959516	0.0	0.0	0.11888688809447008	0.025250033674741455	0.05820518061590214	0.0	0.0	0.0	0.0	0.0	0.12889118259587795	0.0	0.0042236429260501095	0.0	0.05081739610100936	0.37272652579837656	0.0	0.10706352796917173	0.07674076922430675	0.04502937732575488	0.0	0.001371993875223293	0.0	0.0	0.0	0.07081340945771675	0.10881055674431243	0.0	0.0	0.14007341689398622	0.2011865229244301	0.056167250185094025	0.0	0.3176791661724963	0.22128436188832587	0.0	0.15501180566223735	0.0	0.0	0.0	0.0	0.0	0.0	0.0	0.0	0.0	0.0	0.0	0.0	0.07775337338804084	0.0	0.0	0.18245419466079543	0.11262857789695666	0.0	0.2899676472202181	0.0	0.20518622973815442	0.0	0.07972197807702888	0.0	0.0	0.0	0.10142961935393668	0.0	0.21721087717395082	0.0	0.0
mopA	0.31591037104535996	0.3421646094041661	0.0	0.36287723391641463	0.0	0.543784375435929	0.27952684592217114	0.21838516707866285	0.2808556695402454	0.043558424828607924	0.0	0.2699828363631139	0.32649047702227524	0.028197776257385745	0.0	0.0	0.0	0.0032022796258613646	0.03614714359348829	0.0	0.32695573485562274	0.0280110295457599	0.0	0.05212157979473911	0.33498212143123823	0.0	0.08576581169567898	0.0	0.11908203012353658	0.4214591673071406	0.0	0.06832385115589784	0.2292381100093847	0.0	0.0	0.0	0.0	0.0	0.0	0.297925037265818	0.1038718494027865	0.0	0.0	0.0	0.14450157180707665	0.13408182360884574	0.019141089908724106	0.0	0.0	0.0	0.016243313623078123	0.5373296347331814	0.0	0.0	0.0	0.31471815910790796	0.1018661606738614	0.08421376938072181	0.02886122744099369	0.14253936343680496	0.0	0.29253366078111404	0.010265348784805952	0.04248925203193516	0.1779901535240615	0.0	0.022093082963049338	0.053639427636569	0.0	0.0	0.02615958401765107	0.0	0.04932876833721856	0.0	0.06752272328106958	0.24569720582943008	0.02918446832550872	0.04310989407466886	0.08962368813384991	0.0	0.20300316222810447	0.355238997110935	0.0	0.6150017090422584	0.0	0.3890220391425362	0.0	0.05498772014160377	0.0	0.03313324325605028	0.1918165448294861	0.13778761161174238	0.0	0.0	0.027312839113752988	0.0	0.14272037119942188	0.48531856972634274	0.03824782259576073	0.0	0.0	0.136557043433028	0.0	0.0	0.08075276564442892	0.1267888085993953	0.0	0.0	0.0	0.0	0.05449049959967446	0.0	0.07813428757258539	0.0	0.0661282167101581	0.16865403999324136	0.0	0.0004147796176061633	0.0	0.1314260151522774	0.009040361151105495	0.0	0.0	0.18567314569969137	0.0	0.04796530927052321	0.1041518638389204	0.038545914464199256	0.0	0.0	0.0	0.041561150955393325	0.05893037792163398	0.0	0.09398187254668673	0.0	0.015405326619360544	0.0	0.02588078460240721	0.3270852221911134	0.0	0.0	0.13063771668489327	0.0	0.0	0.0	0.047006743095695906	0.13522769568777845	0.0	0.0	0.0	0.0	0.0	0.0	0.0	0.0024186023590062277	0.0	0.0	0.0	0.10461635326638535	0.0	0.0	0.0	0.13912245079652288	0.10636830624737861	0.0	0.0	0.0	0.28437849591957254	0.0	0.0	0.07419910096296119	0.0	0.13835688144508476	0.0	0.0	0.18386694865679898	0.05944102739891151	0.004952091987536816	0.06338746127654225	0.0	0.18370233742116043	0.03380753056761597	0.0	0.0	0.0	0.10467647625217823	0.04598251461199347	0.031152101152251692	0.0	0.0	0.029390659067945298	0.0	0.0	0.08852951893798784	0.0	0.15582704866885475	0.11391286060558918	0.19291554297647787	0.014010341119341059
htpG	0.31132293539396105	0.5276040405028258	0.36287723391641463	0.0	0.17792423384973033	0.4716988149087155	0.22137661211414397	0.26580654136934956	0.28657967625491304	0.0	0.06279718197450442	0.4128778022031928	0.41583744710105186	0.0	0.035489448114596235	0.0	0.0	0.019617851035371472	0.03464684240615276	0.0	0.31129308920046084	0.0	0.033359520265868026	0.0886844212703175	0.46646111946216307	0.0	0.0	0.0	0.089786644267216	0.6189701668689691	0.0	0.1154398505631141	0.20620649327936566	0.0	0.0	0.0	0.0	0.0	0.0	0.48913028249277274	0.0	0.1262951627317244	0.05260951199226599	0.03696589259458837	0.0	0.019159647556602377	0.11378040247101795	0.0	0.042866297560446444	0.0	0.0	0.10086588681272574	0.0	0.0	0.025766379157828662	0.11301209442711813	0.0	0.0	0.0	0.0	0.0	0.1390419393894521	0.0	0.08261444464939537	0.0	0.01607908949998304	0.0	0.18464495011718396	0.15547476480139505	0.0	0.0	0.06871604016743013	0.06574470537650157	0.007988748753180697	0.0	0.051989605980969106	0.0	0.0	0.0	0.017251991336847818	0.3861601591200099	0.4765655574707638	0.0	0.26449713430928634	0.010676268423580493	0.5210845998694914	0.0	0.0	0.0	0.0	0.2069459653362948	0.19012578149629378	0.0	0.0	0.0	0.059615929473749316	0.0	0.2955449655616681	0.011817156059510682	0.0	0.0	0.0	0.0	0.4121373272289798	0.0	0.025221586577173005	0.0	0.02364934593063432	0.18520404712763455	0.0	0.12226279865270805	0.0026494563729308747	0.0	0.020813013421443198	0.007590461832551734	0.0	0.0	0.0	0.040292739197844575	0.0	0.0	0.1331926909079622	0.0	0.03252414537904833	0.09806252822805592	0.0	0.16643612611294736	0.0	0.03147989369748336	0.0	0.11614424820960513	0.0	0.0	0.003956780652737785	0.0	0.0	0.41164212925148724	0.0	0.0	0.0	0.04281242448734301	0.0	0.0	0.0	0.0	0.0	0.04296787537415511	0.14113945052674826	0.07627926112372935	0.0	0.0	0.03265992308818135	0.03777303239650416	0.0	0.0	0.13501078838983901	0.11185813304915908	0.0	0.21527649415130334	0.0	0.0	0.0	0.07867392329147578	0.16321401200284993	0.09956204753794581	0.16040595366569105	0.0	0.0	0.0	0.16392837081520314	0.10896737164826774	0.0	0.004663853108360295	0.0012622438594429807	0.0	0.16587075761686387	0.0	0.0	0.24631715279891886	0.1568728520962222	0.0	0.14927080553834174	0.09643851726909504	0.0018147668504603892	0.11453596438776281	0.0	0.0	0.02226956794125843	0.0	0.11415842880986861	0.0	0.12379465245920752	0.04737848116912682	0.11247056313425596	0.0	0.012579679774629234	0.0031508123883034	0.0	0.0	0.07339120926123545
rpoE_rseABC	0.11859770178719588	0.3540404970812378	0.0	0.17792423384973033	0.0	0.17784424546753952	0.7726159867351675	0.277113434366985	0.4527179628133955	0.0	0.14938680793657172	0.22238647171161582	0.3358059070902543	0.04546043692624218	0.0	0.09898247088056171	0.038207984074786684	0.09122712884503516	0.06755874891417948	0.11380951661722098	0.0	0.0	0.0	0.2612583899197723	0.6403943851264794	0.0	0.002079583338726179	0.11616339095648605	0.0	0.2314948954023024	0.0	0.0	0.7244112467108507	0.012322317135826415	0.0	0.0	0.0	0.03442173706834944	0.0	0.26955407632202605	0.0	0.0	0.06622829403155751	0.0	0.022968848353010312	0.20229488546559427	0.0	0.0	0.0	0.0	0.03666688706482203	0.0	0.0	0.14193531041247948	0.007687390718464921	0.5094115159164908	0.0	0.15861974594066117	0.11464648894507631	0.18125072395376615	0.0	0.40117156500368706	0.11210358728442728	0.0	0.0	0.0	0.03467422246574408	0.03375431804808207	0.0	0.1118367580998706	0.09212383392625212	0.03256616774063971	0.0	0.0	0.01481830602376754	0.16263542136453185	0.003785544475361143	0.0	0.16029576679574697	0.0	0.025433450583466615	0.24777425184258892	0.0	0.3350982204069875	0.006969523407351147	0.23568651862019935	0.04263902722101572	0.0	0.0	0.0	0.32381020738700134	0.0	0.0	0.0	0.010455871683904225	0.2553940057632733	0.0	0.3595939120396327	0.0	0.0	0.0	0.0	0.0	0.11816509990469605	0.0	0.12561738036090178	0.1747983823916769	0.230711068341609	0.0	0.0	0.11223477508671176	0.08916141078945473	0.20014088483955805	0.0	0.01573729880183839	0.015100256751395234	0.0	0.0	0.13862637742197098	0.0	0.13331551518080453	0.006919503903689733	0.0	0.3038789155592967	0.0	0.05011800863900705	0.0	0.0	0.0	0.0	0.2881903677694476	0.0	0.07562032167425768	0.15193679306800006	0.0	0.0	0.38785636047177424	0.0	0.0	0.053273832227328045	0.04205485229421155	0.0	0.0	0.03984136140665329	0.0	0.09486285083089242	0.007252169266780682	0.0	0.0	0.0	0.0	0.24403540454114753	0.0	0.0	0.04463399838498278	0.12275607855371164	0.06259911548781831	0.08430725154547478	0.0	0.0	0.0	0.0	0.0	0.13909399207009615	0.0	0.04732019080299136	0.18968578585554363	0.014898785357964276	0.0	0.03458033212839825	0.04661079401607858	0.0	0.06006544361681484	0.01235050188891367	0.0	0.0	0.061276635071939534	0.0192278386861588	0.0	0.10479584530659145	0.0	0.07995879388782222	0.34162073450869346	0.1312452663790245	0.0	0.09440215325185346	0.0	0.0	0.0	0.0	0.03143253607374845	0.051581745984059686	0.0963541474525788	0.2646627195866079	0.26201145649453766	0.0	0.0	0.19631180973502252	0.0	0.0
ibpAB	0.611662610439094	0.43957053284247016	0.543784375435929	0.4716988149087155	0.17784424546753952	0.0	0.0	0.4030497446343001	0.3544014404352954	0.22588534351959094	0.039959918792908306	0.15340577067702468	0.4520698599294469	0.09450527847878094	0.0	0.005811285872664368	0.0	0.0	0.06253322660320135	0.0287424106405768	0.5764103628310677	0.0	0.15668827661022378	0.029167516448440296	0.3029309275953418	0.0	0.0	0.0	0.09939995223994098	0.45483876853525107	0.0	0.10045104108580359	0.10019085619793792	0.0	0.04764542899409251	0.037693057894761	0.020706504737952085	0.01785199011374234	0.09632017931143488	0.3600362617362894	0.025392337604753287	0.049968320232812356	0.10327639073283798	0.02754062993592868	0.0	0.0	0.21181241477945667	0.0	0.0	0.0	0.0	0.3308946408970463	0.0	0.015098149177484473	0.2218012672400005	0.22885500782820842	0.0	0.0	0.0	0.0	0.0	0.15784746586718396	0.0	0.0	0.09554867313994	0.0	0.0	0.08282655762537805	0.08406379938248955	0.009707866431580633	0.0	0.0	0.0	0.02595381468932529	0.0	0.0001870289075409785	0.0	0.0	0.007404323102449051	0.24368391938631254	0.12057589449952247	0.379572037534214	0.0	0.3726835662855635	0.009220475541075381	0.353551296382232	0.0	0.0	0.027476628072608603	0.0657966176842755	0.1692263538407133	0.12762881024440662	0.017046435490439053	0.0	0.1542541334721204	0.0	0.16213650442985034	0.0993617489457979	0.0	0.12075767837625224	0.014708616868123008	0.005456359250155578	0.002185355400263839	0.09245352642974088	0.14105454474129442	0.01856149392851822	0.0	0.055864393642478055	0.0	0.0	0.0	0.0	0.0409916272493208	0.0	0.14961874737134573	0.0	0.0	0.0	0.010656355330264947	0.0	0.362904721206052	0.10914143104643652	0.0909509744173814	0.0	0.0	0.0	0.06939270953792939	0.0	0.19167659645409263	0.0	0.0	0.0	0.0	0.0	0.05763998548196048	0.13306390012971422	0.1766738302275515	0.04048798893609661	0.11294498546737172	0.0	0.13678976843199203	0.0	0.0009089179267988713	0.0	0.0	0.0	0.06849786941913133	0.0	0.0	0.2041346723240237	0.0	0.0	0.03453259602902035	0.0	0.03683552708975256	0.09079377397486092	0.0	0.0	0.0	0.06681812916033439	0.0	0.0	0.0246394750157328	0.0	0.13398623827721848	0.07029411753158749	0.0	0.0	0.0	0.09737004572363094	0.0	0.12396480341941178	0.1332287267010725	0.0	0.0	0.11911804450766013	0.10788568847372726	0.016997716503923285	0.0	0.0	0.0	0.22046257341065578	0.0	0.1607466337615688	0.0	0.0	0.0	0.0	0.029822062162303303	0.0	0.0	0.0	0.0002909002403998087	0.0	0.0	0.0	0.05930905124682922	0.0	0.0	0.0
ecfABC	0.11365317178112884	0.21037098322094602	0.27952684592217114	0.22137661211414397	0.7726159867351675	0.0	0.0	0.3045667356248852	0.4364458949258682	0.0	0.0	0.13525943798295348	0.6219135502049823	0.08896222211527863	0.17912676185756268	0.09578184682226162	0.0	0.0	0.0	0.06978087973849512	0.2573530472459631	0.08177748259242686	0.0	0.0	0.4530957625631807	0.06309159092068095	0.13138403211289973	0.0970456243718971	0.0	0.30600097405921234	0.0	0.0	0.501344682038381	0.036345087532219454	0.016429542248721785	0.01769892538777497	0.03783201869281872	0.05250714350105786	0.13380373785557906	0.39628607105641045	0.0	0.0	0.17540798631791177	0.006076456284165236	0.07708860476359111	0.0	0.05561077692255628	0.03671908188611579	0.0	0.0	0.0	0.35849792226610155	0.11247703513806086	0.026614260675907168	0.0	0.4345532505071685	0.014878041454708835	0.11050971230875606	0.12492758185656938	0.11942742388351121	0.0	0.490067860335572	0.1565563039349974	0.0	0.0	0.0	0.02590107048147575	0.11546746183221235	0.0	0.0005277492254385982	0.1569996204253401	0.0	0.0	0.0	0.0	0.0	0.029030297818653992	0.08843542590399071	0.09370186297782973	0.0	0.20478415625641067	0.2062019817432945	0.0	0.3128452309345326	0.1314122197365143	0.20190019820225183	0.06732332195695216	0.04882752020661314	0.0	0.05760313464611195	0.5204266111410913	0.18075316902036218	0.0	0.0	0.0	0.0016993268523223329	0.0	0.41375593594126664	0.0	0.039476673558351355	0.15564189544160045	0.32597311369819565	0.0	0.14409855151888445	0.08366260475989833	0.0	0.026105773076551216	0.10296035126461897	0.0	0.0	0.0	0.0	0.0	0.0	0.11619159722672392	0.0	0.03906414578218928	0.017512707157324548	0.014244279900239978	0.012491512700184572	0.0	0.0	0.0	0.0	0.0	0.04539089316451637	0.0	0.1174201540861938	0.03589621085678548	0.0	0.08510274190518692	0.016512450102784477	0.0	0.04079187431693496	0.0	0.11783373467528936	0.2607153399124521	0.20403086160835004	0.045478445687810114	0.0	0.0	0.0	0.20431519435561238	0.08613613173984794	0.0	0.03715338739510627	0.05062420897466979	0.007371673281759044	0.0	0.0	0.0	0.0	0.0	0.002600591622649268	0.0	0.006751109551831138	0.0868790757839061	0.0	0.0	0.18017832286448435	0.0	0.10812483396347526	0.0	0.0	0.0	0.2911454807079855	0.0	0.0	0.0	0.14526096124322102	0.19934411264827837	0.011409308513133832	0.08178401295867208	0.0	0.057092268407842685	0.14114947470969644	0.031213989880500486	0.0	0.3329033619912662	0.030535255826668325	0.046595095097716865	0.0	0.0	0.056883970971249614	0.0	0.0	0.0	0.005144450114971161	0.2779996420439688	0.08315861109779787	0.13941034163093227	0.05669870613567105	0.15022190307068325	0.0	0.093940352428334	0.0	0.0	0.0	0.11329754717874163	0.17215060504460705
ecfH	0.524217889775387	0.36125325571777256	0.21838516707866285	0.26580654136934956	0.277113434366985	0.4030497446343001	0.3045667356248852	0.0	0.40383659615425127	0.028489984933103223	0.0	0.32261492531812436	0.30958165590638576	0.0	0.0	0.0	0.10605685130127321	0.0	0.03925816732441173	0.0	0.3842375249754655	0.019863664103695486	0.0	0.021059243574968616	0.4870106096246783	0.0	0.0063326347524948895	0.132784239695759	0.0	0.33316447968479257	0.0	0.04813903853011124	0.6540625566857162	0.05765979548341697	0.0	0.0	0.033537282642024886	0.0	0.006640756508923589	0.27071694965140325	0.0	0.0	0.0	0.21964863290529138	0.11160785820622596	0.0	0.0	0.09469714169766608	0.007067165181610645	0.0	0.0	0.14033284790819972	0.0	0.0	0.29013775644268647	0.6841932251458178	0.0	0.0	0.0	0.22922404478436395	0.0	0.5384070195018047	0.0725854704344856	0.0	0.0	0.0	0.014527225266849271	0.0	0.2283342262272907	0.07554056512606343	0.0	0.021783458868123714	0.01671079449702409	0.0	0.0	0.04270174164619036	0.15549806899159	0.0	0.0	0.0	0.1702766688202403	0.4130622003090643	0.0	0.02310048133338733	0.022288466999851982	0.5204036056764049	0.14121187314899222	0.0	0.02213265387099665	0.0	0.6120488791983337	0.0	0.050402704159143163	0.0	0.040314379746981155	0.0	0.008158187979943643	0.6537120327020878	0.0	0.0	0.0	0.0	0.0	0.0	0.17310920216198095	0.3356475419967154	0.08458295765338153	0.0	0.18772347966788447	0.059592706681707415	0.0	0.009400089534643854	0.004317282020916632	0.0	0.0	0.3431701427490193	0.0	0.0	0.027111146607294596	0.1020389443758679	0.09364376421998621	0.07433442012399157	0.01103558107569662	0.0	0.0572759332983685	0.0	0.0	0.0	0.13281557111867015	0.0	0.11112998763503638	0.0	0.0	0.0	0.10756996478784883	0.07353662322687182	0.3206504848444482	0.0	0.0	0.12940641542344405	0.0	0.0	0.038753251130086146	0.05327289528351736	0.05583600222674229	0.1933987984917752	0.06646121966132848	0.15524567692419458	0.0	0.0	0.0	0.0	0.08594226644822477	0.01757429849854018	0.0	0.0	0.0	0.0	0.023144470727772887	0.0	0.0	0.02535206376555106	0.06219927452639874	0.2567281391691834	0.02884818618053048	0.08051015861257373	0.16704109939441858	0.12366942546260618	0.06764545727900793	0.0	0.21344536299822578	0.0	0.11019491906065061	0.0	0.10000797347909053	0.04771334960286207	0.11838463675943192	0.0	0.06292598623696521	0.29558219410491465	0.08313389323084222	0.02119133094128455	0.029955742203758875	0.10010678942796229	0.0	0.2272143546118294	0.0	0.06152279295246194	0.0	0.0	0.2825299047955954	0.0	0.0	0.053932193106292305	0.06542983660123092	0.0	0.0	0.09871915870211086	0.0	0.024411138862019767
fkpA	0.3272208245356745	0.4488222991991313	0.2808556695402454	0.28657967625491304	0.4527179628133955	0.3544014404352954	0.4364458949258682	0.40383659615425127	0.0	0.0	0.0	0.3377919420599847	0.5606241733554335	0.0	0.0	0.09543771787682191	0.0	0.0	0.0	0.008312632063942945	0.3708593198035931	0.0	0.0	0.031482791046007985	0.4491789755277978	0.0	0.0	0.10602298133106972	0.0	0.3617848249104138	0.0	0.02108868858856619	0.8542101304584145	0.035453285219591575	0.0	0.0	0.07569591442683603	0.0	0.0	0.3359604291425417	0.08724906939312504	0.0	0.039083776131775404	0.0	0.0334090338321027	0.009157343896235624	0.20415976714422346	0.026835643754768185	0.0	0.0	0.009723136654171816	0.20559546777430848	0.0	0.011288928490850945	0.1379825645940856	0.6074493902734781	0.0	0.0	0.0	0.0	0.17512695573030826	0.4627437664593289	0.041672488022736605	0.08201111029661654	0.0	0.0	0.13473021002262547	0.01175917795450302	0.06344402862587933	0.0	0.0510425900247012	0.0179904424792958	0.3223967244775474	0.014558139487257713	0.0	0.17051947621669666	0.0	0.12476200738960164	0.0	0.0	0.0	0.24224677565677788	0.0	0.21962303232489125	0.0	0.3070907950253594	0.06704212238666668	0.12207863811479337	0.0	0.0	0.5197931001886474	0.1271493069392438	0.0	0.0	0.0	0.0	0.24838838121904575	0.434965420249752	0.0	0.0	0.0	0.061136749212287386	0.0	0.08914704521540044	0.0	0.0	0.0	0.0	0.0	0.0	0.0	0.04986121417351357	0.0	0.06693733336538721	0.00978688628466778	0.0	0.0	0.11833828425756586	0.0	0.05698303320992763	0.06030819846362629	0.08922480757196394	0.0	0.07418003329413238	0.0	0.2902302324716639	0.0	0.07494691264392833	0.12057066125205314	0.0	0.29634304522832744	0.0	0.0	0.0	0.0	0.0	0.0025164267906958807	0.109290172700419	0.0	0.16274680173780587	0.0	0.0	0.19012587983743198	0.07116847455381463	0.0	0.0	0.0306193832502266	0.0	0.1422198831276706	0.0	0.18380756959073674	0.00870715850507735	0.0	0.06569568169465924	0.060339679782323984	0.0	0.0	0.006687891268410562	0.016558090933470358	0.10098507977777682	0.03601080859999074	0.08019218182906583	0.32233424817712125	0.0	0.0	0.0	0.0	0.0	0.0	0.2566733034999023	0.0	0.0	0.0	0.0	0.0	0.1932280157896698	0.0	0.0	0.0	0.0	0.0	0.2293068797305268	0.0	0.0	0.07631595498621335	0.09518863112638885	0.0	0.04111385347179251	0.0	0.0	0.0	0.08038875824235577	0.0	0.0702554025242506	0.16227079984647014	0.0	0.08379047981406333	0.0	0.1399784602345343	0.0
crp	0.075619643915725	0.03776913800657773	0.043558424828607924	0.0	0.0	0.22588534351959094	0.0	0.028489984933103223	0.0	0.0	0.3898284639041962	0.08485039314736859	0.05253402015327779	0.19165193440982223	0.1355315029674113	0.20408191857794591	0.348029140222027	0.3731134400908581	0.4803779471649985	0.37314217347145423	0.0	0.34712861592618943	0.3144987225647407	0.15921299004471742	0.0	0.3625917327696767	0.39927798129828074	0.3119729767962855	0.39808333279565505	0.0	0.42673864355336005	0.3582100907506742	0.03785483418559524	0.3168350485109784	0.03428118764971111	0.37050823324827337	0.20686950492286094	0.35366172749482444	0.39752141081300624	0.05509923609095569	0.2604524337125618	0.37721611852762565	0.31143625325382207	0.17964527472982245	0.0	0.368011789436524	0.0	0.21699972925553704	0.4295158158843069	0.40220104897429243	0.0	0.05085663194592283	0.04902021650373994	0.3460154747845342	0.08783683557546859	0.0	0.45922127629122966	0.004613873314833628	0.0	0.08818676187391597	0.07137809187518931	0.053622188406635775	0.40710400769009075	0.19862132088856949	0.3862041094159082	0.2450684961274067	0.2934270505187834	0.380225228953054	0.0	0.26140381697637943	0.3431497251180788	0.45160881127783414	0.1550978247619337	0.18080418595696307	0.35189162499355947	0.009287080636785537	0.3712134502900864	0.0	0.40062104108308294	0.07892400947432199	0.0	0.0	0.2725946528406959	0.1137634179816904	0.39266771818142393	0.004874114328076587	0.19912226488865936	0.3967445195690335	0.22971504422165248	0.17409485218718765	0.0	0.06533845046514948	0.051011490674020596	0.0	0.3146667014664056	0.3786157456157642	0.0	0.0	0.4433454329840676	0.035485046467255046	0.045747547584622884	0.2140689747369348	0.13762708675412708	0.0	0.0	0.0	0.001668597230896966	0.0	0.25071789071858247	0.0	0.0	0.02687652353751281	0.19260268194643837	0.0	0.014748777065962459	0.010832817735094128	0.0	0.18239246002562828	0.0	0.1914187182972101	0.09993231401077504	0.0	0.1204946488330555	0.14685595432059467	0.0	0.09074376075994485	0.11186422926226038	0.0	0.0	0.1938012261716802	0.041323752829425	0.055995432730502566	0.1746674951858435	0.15123605969429213	0.0	0.2050465298096318	0.0	0.0	0.1531593600655929	0.20378908390120962	0.18239039340807447	0.12009539699816202	0.250267991084025	0.0	0.2798832269727526	0.0	0.0	0.021583559614768367	0.03182103571271253	0.2110774399415367	0.033652380660611665	0.0	0.21472681627426707	0.0	0.0	0.0	0.0	0.0	0.06577714421043446	0.02761310581894745	0.14669500125672907	0.0	0.09718955714264356	0.0	0.0	0.0	0.13342851253662075	0.0	0.0	0.05130784950029089	0.0	0.1495880798046359	0.0	0.0530121951920921	0.02506693525522667	0.24490566592846083	0.0	0.1580620842960052	0.08840939358197465	0.0	0.0	0.014804414994385801	0.11525756899098634	0.0	0.0	0.049123202440007736	0.4808990998973234	0.0	0.054268610512728285	0.14747140121873567	0.0	0.23969875746472777	0.0	0.0	0.006620324107305315	0.12211767844817753	0.025513353640561873	0.0	0.06129974275296066	0.31618726841436795
araE	0.0	0.04449603115163656	0.0	0.06279718197450442	0.14938680793657172	0.039959918792908306	0.0	0.0	0.0	0.3898284639041962	0.0	0.17980266001558526	0.0	0.26356281597400116	0.1250908467069219	0.1516879451047623	0.37737409678979	0.30206457113076846	0.5326525652848723	0.3814179474473144	0.0	0.27699612705035503	0.3410086575843268	0.16486131088139702	0.0	0.3894705651510762	0.31219722599778404	0.36013825401620914	0.3414696940399999	0.07501272750207814	0.3296668277264523	0.2935379830595115	0.0	0.2774238144312654	0.1757895540129672	0.34946787450666145	0.23397100320295305	0.3614710774025104	0.35211402170324035	0.11667676026311839	0.26858991784651925	0.3731305528538696	0.354968390800881	0.20893903972299258	0.0	0.31608322337530453	0.0	0.15576297276492637	0.3254975406516428	0.32071706876753714	0.0	0.1046375940118091	0.1623552270289777	0.3337406654102612	0.0	0.0	0.33033700852071113	0.0	0.0	0.15405695915142736	0.1919119875293099	0.0	0.2943103038459744	0.2009543793266973	0.3136411951203734	0.23489642796111704	0.23351050301903692	0.2793950520629583	0.0	0.12916238108813677	0.40637431440325156	0.27738913855696723	0.0014664630171445528	0.17331029577585474	0.367317376229785	0.0	0.3756261684059992	0.0	0.375522981106967	0.0	0.24086582633877607	0.08161629225685557	0.30134426142768955	0.09117955381007756	0.3662659707746607	0.12296374821032043	0.0	0.37076247438860865	0.20275685754952102	0.0	0.03618476407369162	0.08598418610225139	0.0	0.0	0.3992789510178606	0.26256524971709744	0.02416492730508674	0.06782032685921073	0.35238916098813733	0.04270889314382619	0.07938719371194351	0.16770861005533205	0.14953013860532763	0.0	0.0814401847844727	0.0	0.0	0.0	0.09814578347510958	0.07115206391306095	0.0	0.07321133012687689	0.0	0.311319440002694	0.11906912705189658	0.34793107653554206	0.0	0.14000142004555025	0.17114540186568522	0.23355153508996757	0.0	0.0	0.1631371986128344	0.056848780415939354	0.15467740226987983	0.0	0.0	0.1587695807323238	0.0	0.01827199708508119	0.0	0.0	0.16813106229511646	0.10313408048023082	0.12345410958018095	0.0	0.2905144934759394	0.07959888663713802	0.061099664905948134	0.04550090986520915	0.0	0.0	0.16663763772579102	0.08293450295829251	0.2837182417707418	0.0	0.07308235157432538	0.15063547772927274	0.0	0.034965900399702377	0.0	0.0	0.16839436857517062	0.0	0.16823917484470396	0.1890128544634487	0.0	0.35692847273780687	0.06317013110974279	0.12870140744625208	0.06860461978764992	0.0	0.27005667651817816	0.0	0.0	0.0	0.008567487388399457	0.07996825637582741	0.1360270091082066	0.08068040399237551	0.09203151354462695	0.07243991354522696	0.150416161499371	0.08979694027525645	0.20526307201394617	0.3136885773383334	0.0	0.019784135105066537	0.0929098798779601	0.10360735337235219	0.18688033659558834	0.06079965433783378	0.0	0.08648335564461555	0.09996965705945503	0.0	0.0	0.0	0.0339710611753941	0.037505620722778236	0.043099201697139496	0.0	0.0	0.0	0.06100385203573552	0.36938834425316963	0.14765553046591262	0.07983586613228918	0.038545477155737896	0.09234708796998764
xprB_dsbC_recJ	0.44311998229604743	0.33604803542117395	0.2699828363631139	0.4128778022031928	0.22238647171161582	0.15340577067702468	0.13525943798295348	0.32261492531812436	0.3377919420599847	0.08485039314736859	0.17980266001558526	0.0	0.16202446076813368	0.03818474889229868	0.0	0.016904902742466206	0.0	0.07658917218073251	0.0006226156515647294	0.021385504580788004	0.3102209242427367	0.031851940355761305	0.0	0.0	0.2049186649523906	0.05572100683881747	0.1068676485510778	0.2727507499425113	0.037543859656440165	0.5635614024157977	0.10601395158249814	0.23820478446725782	0.07389339637517525	0.18273514270184552	0.0	0.0029337690400433195	0.07439374677832676	0.0	0.06121477510916411	0.5349562540988944	0.03924822431769477	0.06983755599359379	0.11074981418273563	0.0	0.0	0.2667911543258885	0.26233010181901645	0.006027186263239456	0.03878929370139398	0.13272714544382458	0.0	0.17979521413250607	0.0	0.0	0.0	0.033076999061955416	0.2611886499616217	0.0	0.05172880041332325	0.15866982814151134	0.0	0.2366247447289271	0.14551967985723532	0.0	0.17153754586585956	0.0784552846534315	0.001175210095735312	0.23326941384621477	0.1191115013038904	0.2016953782925549	0.050778753349494235	0.07835276980041037	0.04274679115771353	0.0	0.18449889546802714	0.2353059467698745	0.15226933443057183	0.0	0.0	0.0	0.27645411868745234	0.35940040784934724	0.07151919252117493	0.15301777676596093	0.1787720481559163	0.5457346441363496	0.12392372494386021	0.011924571349077298	0.026106579894870998	0.0	0.23250200984097932	0.0	0.02930482656851775	0.0	0.06507347044379695	0.016786584161226047	0.08115922283928123	0.23427127941344203	0.11677257414533966	0.0808977054415104	0.0	0.0	0.03763856072166852	0.2330559261104819	0.0	0.0	0.0	0.0	0.0	0.27327352118322773	0.0	0.02912504828067538	0.014260461101727916	0.0	0.0	0.0	0.12767830588583493	0.0	0.0	0.0	0.10535321760591927	0.07679389233818504	0.0	0.014416234049506716	0.13059712908184432	0.0	0.0	0.07015961909504945	0.019711616048171725	0.08786844529044978	0.0	0.0	0.0	0.0	0.0	0.0	0.14231324411689156	0.0	0.129544373503548	0.22826390228831855	0.07690149216968953	0.017969169335731047	0.022161174596054708	0.0	0.0	0.0	0.1870103925870341	0.24035257438749016	0.0	0.07216808950224138	0.1007443769809019	0.0	0.06439902627088068	0.33634403135841656	0.0	0.09678748584263536	0.3003852659335532	0.30345714305383037	0.0	0.08541436802063056	0.11078581439392045	0.0	0.13018375092996323	0.03266733790946478	0.2503284241680205	0.0	0.09054739746662949	0.10864014570976628	0.0	0.13021371041252505	0.0	0.09449737823809053	0.19174376411494862	0.19034043564745018	0.1816915724307983	0.09628142484335822	0.2639500429884354	0.007680020851539549	0.056676032707615724	0.1659765131561855	0.0	0.097262053813942	0.0	0.12304521541831623	0.14072500382979142	0.3803204759365931	0.0	0.0	0.009314994117415439	0.0	0.0	0.0	0.15672863740728293	0.07365821233316078	0.0	0.08899305646418294	0.10999524995695378	0.0	0.09358416685194093	0.13598155415843025
lpxDA_fabZ	0.4598468923043613	0.18701370132239722	0.32649047702227524	0.41583744710105186	0.3358059070902543	0.4520698599294469	0.6219135502049823	0.30958165590638576	0.5606241733554335	0.05253402015327779	0.0	0.16202446076813368	0.0	0.038651153241669955	0.0	0.0	0.0	0.0	0.0	0.0	0.14778229715860663	0.0378304745975809	0.043579995415528504	0.0	0.37856717955750474	0.0	0.0	0.0	0.0	0.30249883248530146	0.0	0.0	0.5327178644832958	0.0	0.2604207079688672	0.0	0.0	0.0	0.0	0.3463431515512625	0.024575298894285724	0.0	0.0	0.07608826852492989	0.0	0.0	0.1010071825460885	0.0	0.0	0.007603220919587002	0.07362832885282379	0.1897418875130275	0.0	0.0	0.041924762052029274	0.41692833573064036	0.0	0.029970281746679754	0.0	0.0	0.0	0.6543777862124845	0.1655134846859605	0.09791039500163591	0.05378027818763794	0.0	0.0	0.017855769540761943	0.06177290996254883	0.05225062911838463	0.0	0.0	0.0	0.011450770291938545	0.026977392065124478	0.035960498251960925	0.024042583505862407	0.0	0.0	0.0	0.1999261564453786	0.3382020021793462	0.0	0.1951071457618932	0.0	0.2826650758174591	0.0	0.0	0.0	0.19232756324689682	0.5840586781031798	0.0	0.08971672850204099	0.0	0.0	0.008016697002702454	0.0	0.7078381077613933	0.0	0.024519074515139815	0.17457776632130326	0.06491188782295995	0.0	0.16812698550196906	0.03964010332821907	0.13462657342711826	0.030882320064632526	0.0	0.0	0.0004210125870173977	0.09805266139962024	0.0	0.0	0.024636307723141702	0.0	0.040442469904765146	0.13721562794840775	0.0	0.0	0.14809683835015336	0.18323176745613165	0.16602736974773322	0.02964248381020314	0.14038043227856783	0.16914695685766598	0.09172380572932223	0.0	0.0	0.0	0.0	0.09601648385942226	0.0	0.0	0.1065211193266384	0.025077895932056928	0.0	0.04527149437186628	0.0	0.030115309681857834	0.0	0.07376685664975077	0.004119636981378736	0.0	0.0	0.1411131884804113	0.0	0.0	0.0	0.0	0.0	0.0	0.0	0.0	0.0744732033133235	0.20328425117245286	0.33683252434375677	0.0	0.43224119780015263	0.0	0.1156086046583574	0.0	0.0	0.0	0.0465341777135896	0.0	0.0631459424849569	0.07635721119008125	0.0	0.038285603176174646	0.0	0.34789849264630535	0.08084343915180378	0.0	0.0	0.0	0.0	0.23184053954397368	0.0	0.06359305315280911	0.0	0.0	0.13482532824559426	0.13684264998333645	0.17130623932625588	0.0	0.08607144681216775	0.0	0.0	0.017605852821788018	0.0	0.05924210606386285	0.036867004586973194	0.1492860974004548	0.026164572991640444	0.07238607106040931	0.0	0.0651446619136413	0.0	0.07010516288698178	0.0
ppiA	0.0	0.20296873461122644	0.028197776257385745	0.0	0.04546043692624218	0.09450527847878094	0.08896222211527863	0.0	0.0	0.19165193440982223	0.26356281597400116	0.03818474889229868	0.038651153241669955	0.0	0.18409411474938192	0.17989599347817634	0.262632937586927	0.1856633106331802	0.22511693173600622	0.1301668579538188	0.0	0.2813303298681954	0.21724759995316828	0.34721113569381334	0.041564640864142605	0.3743722980598634	0.2228412349054005	0.23500266950254659	0.18340353320763012	0.12755955908765962	0.19010381798328171	0.23713325933292626	0.028353142251309037	0.18976535277153456	0.02954203406676355	0.21622178080476423	0.3014918669952974	0.13045318886329257	0.17671524452820803	0.0	0.10976743966809985	0.27675212942436705	0.22862442269590214	0.14199235892365958	0.06932804496357683	0.1674302548384338	0.14350194593091312	0.4069248635858784	0.3151937340383544	0.1945133224984156	0.0	0.0	0.030253580373026202	0.2438584222047446	0.10849044674616487	0.06564423187635594	0.2026617198147727	0.19638311979958434	0.0	0.24460720256563354	0.0	0.0	0.31227417465640334	0.025711049256078405	0.22638970986011592	0.21568946245207693	0.2139708702352889	0.368247461679264	0.0	0.1327166799996352	0.2618443071493244	0.28566554688356205	0.20510210880267032	0.01799974805750936	0.2832769275333376	0.09718936303895837	0.29222238453366683	0.0	0.2173745023741872	0.0052425832669305075	0.0	0.0	0.17561392909170898	0.05400245898131699	0.26878756082942307	0.14559622335384012	0.0	0.21291348818461897	0.29922475089007744	0.013611484577206023	0.0	0.03859099686745073	0.0	0.0	0.1738244701699902	0.007578181903386053	0.0	0.1606702955259474	0.23442776230788231	0.18956340185431034	0.0	0.0	0.0	0.0	0.0	0.0	0.0	0.0	0.04495222079041702	0.056950262249838415	0.0	0.0	0.2123394425057399	0.0233403693658286	0.0	0.0	0.14349745323699659	0.0	0.0	0.0	0.0	0.07026354164420616	0.0	0.0	0.0	0.03464081687813301	0.059013444464950084	0.2904435794009879	0.18190287566988395	0.09319620410706059	0.0	0.0	0.11988747108212822	0.12803807059758263	0.09765924801230849	0.0	0.0	0.09708236840859065	0.0	0.0	0.12672684535796364	0.10239745205604642	0.0	0.07020068262032166	0.08692252366538075	0.06321758546911961	0.16058016984737458	0.03994777654571193	0.14050296908670393	0.0	0.0	0.06744247996251419	0.2173794713381364	0.007970134335513135	0.10047418714970505	0.059495140403280244	0.0	0.042486526528574826	0.0	0.11891878177696968	0.0	0.1506434057890922	0.0	0.0	0.0	0.13045949143777008	0.0	0.021781790512200517	0.0	0.12260390413575155	0.07927185173122944	0.06935283702689	0.0	0.0	0.03817534386402151	0.0	0.02657464222611544	0.0	0.09565329505231514	0.10967232579709603	0.0	0.035051528779681235	0.12286093358010154	0.2005849243457405	0.04661528730062581	0.0869895914141977	0.0715048800557224	0.0	0.0	0.00020187353417171474	0.0	0.0	0.20224465261240981	0.1554686295938962	0.054414944460572545	0.0331729465650677	0.10134945339739872	0.08314434495508137	0.1270693934373945	0.32178705416198894
