	lon	rpoH	mopA	htpG	rpoE_rseABC	ibpAB	ecfABC	ecfH	fkpA	crp	araE	xprB_dsbC_recJ	lpxDA_fabZ	ppiA	dnaA	ptsHI_crr	cirA	cyaA	speC	araBAD	clpP	nagBACD	araJ	nupG	ecfK	fur	yhfA	srlAEBD_gutM_srlR_gutQ	fucPIKUR	mopB	mglBAC	malK_lamB_malM	uppS_cdsA_ecfE	fecIR	sodA	tnaLAB	deoCABD	fepB	glgS	htrA	acs	ebgAC	araC	ansB	fnr	himA	cytR	narK	gntKU	ivbL_ilvBN	icdA	hflB	arcA	fhuACDB	frdABCD	ecfD	malEFG	narL	appY	dcuB_fumB	focA_pflB	ecfG	melAB	tdcABCDEFG	gltA	fixABCX	hypABCDE	fucAO	nuoABCEFGHIJKLMN	aceBAK	caiTABCDE	malT	nrfABCDEFG	tsx	gntT	cydAB	manXYZ	appCBA	ompC	yjdHG	cpxAR	htpY	malI	dnaKJ	malS	grpE	deoR	pspABCDE	sdhCDAB_b0725_sucABCD	dmsABC	ostA_surA_pdxA	FruR	marRAB	cyoABCDE	tonB	soxS	nfo	rpoD	uhpT	caiF	iclMR	epd_pgk	rob	adhE	zwf	lacZYA	nupC	acnA	envY_ompT	ebgR	fumC	osmE	glpACB	lrp	glgCAP	dctA	malXY	hns	osmC	nagE	araFG_araH_1H_2	nirBDC_cysG	fepA_entD	glcDEFGB	udp	skp_lpxDA_fabZ	rotA	ndh	glnALG	dsbA	glnHPQ	narGHJI	hycABCDEFGH	fadR	ompF	glpD	lysU	gcvTHP	fadL	glpFK	ybiS	mdlA	livJ	fumA	aldB	rpoN	gntR	galS	ecfI	fpr	mdh	hypA	malPQ	ecfF	himD	rhaT	mlc	ilvIH	rcsAB	nac	pykF	glcC	gcvA	nlpD_rpoS	betIBA	lacI	narZYWV	gcvR	ompR_envZ	cpxP	tsr	rtcR	glpR	uhpA	fhlA	yhdG_fis	ecpD_htrE	kbl_tdh	alaWX	alkA	fadBA	lctPRD	fdnGHI	ybaO	aspA	gdhA	dadAX	uspA	putAP	gltBDF	sdaA	evgA	dps	lysR	nrdAB	fabA	osmY	mdoGH	proP	betT
lon	0.0	0.1816773455898024	0.155552159286249	0.4357985673085841	0.05918354366356074	0.12348863169996079	0.17748838366335534	0.00565508588429104	0.1907648021065333	0.030695268531018102	0.0	0.24553153382634718	0.14568134159313123	0.13387072032104755	0.06458957007420775	0.005515482963048818	0.029438165906972666	0.03689212974663249	0.0	0.05880610618501231	0.11563817462054078	0.0574999557767084	0.0	0.0	0.27286643989330983	0.08786726084011888	0.1450679486734324	0.0	0.0017454607307485705	0.24061285177407643	0.0	0.1599727233907027	0.04706926655530969	0.08264725039271563	0.03665118549646272	0.0	0.0	0.11983576200034896	0.0	0.2628510657587117	0.0	0.08165097103777871	0.06603098305601651	0.054757120645316515	0.043621172593890103	0.0	0.0	0.0	0.13325417500690473	0.055110224284428994	0.0	0.21834691707205767	0.0	0.10902040899512125	0.0	0.22685611416867943	0.08965463453323484	0.048581139998163804	0.17595315790965982	0.0	0.00717303938286495	0.16377567712165997	0.09234965433689396	0.05690450151921768	0.1055168704448881	0.11817214813337068	0.0	0.027249992952739915	0.0	0.0	0.1073440101775989	0.0	0.0	0.0	0.1589794770025777	0.0	0.05903272188677012	0.0	0.0	0.08067718778716874	0.0347522870722369	0.18417373041196364	0.0	0.3030557644813757	0.0	0.1933607419450642	0.0	0.03662046468374	0.0	0.025660597968453974	0.17872907958248413	0.0	0.04799520222555885	0.01721581526048642	0.05894536744827058	0.06131733830288331	0.0	0.004155848345753644	0.020270745325900202	0.0	0.20860119527422336	0.0394086711021623	0.0	0.0	0.0	0.0408095586951844	0.0	0.0	0.0	0.07058371089898083	0.0	0.01485534704480284	0.0	0.0	0.018609549252022316	0.0	0.12675509476615077	0.003618378713099821	0.0	0.08544051193973214	0.19557124247217225	0.0	0.09022085255490046	0.06473548444417382	0.027957549168617292	0.07694124512061622	0.0	0.008045183228480926	0.0	0.03344862922667554	0.0	0.0	0.017099010159368207	0.35315724801885934	0.0	0.04888226234609035	0.0	0.0	0.07427918001425242	0.0	0.10363904169550843	0.0	0.08666853100868054	0.03248209499686634	0.0	0.06696260176518169	0.01578509906945956	0.0	0.14150238154528863	0.06567697969204402	0.0	0.0	0.06712212205665821	0.140852879394664	0.013726343648791533	0.06940008849157692	0.1030982923752918	0.0	0.0	0.01000054138783015	0.14622162238734976	0.13287947941753012	0.06024837502255757	0.0	0.0	0.0	0.06870134398969309	0.02230332489492874	0.0	0.04040861007694218	0.003541107035603311	0.0	0.0	0.022789270913055208	0.0	0.0	0.0	0.0	0.05246310668480038	0.0	0.00041947378731067934	0.04117546781272194	0.0	0.07312175369993933	0.0	0.04788528047323058	0.04957868374131634	0.36534586118125795	0.13355696221935756	0.0	0.0975473846618667	0.0	0.0	0.04286954905203352	0.1248017440798821	0.10985298158499493	0.0	0.07136503774262867	0.0	0.0
rpoH	0.1816773455898024	0.0	0.2850147248507709	0.23027197153992507	0.005143661542183315	0.16601750442988988	0.07360639932012161	0.0	0.0	0.03247102061419934	0.0	0.0	0.0	0.057717821598295124	0.0	0.11881375394997569	0.157593280296103	0.10469266637380419	0.08345572862082169	0.047739661280151294	0.2973037045591408	0.00920339718438884	0.06869270083549332	0.0	0.021275244946899467	0.09126616139696331	0.05504100016621862	0.007392166610778415	0.06133024403650922	0.43966748812492473	0.09134167668460168	0.04503251495497388	0.025797326500615794	0.13524220400244863	0.004276661822591618	0.0701086889339083	0.0	0.11307437271392402	0.17194428650427832	0.03863458888490411	0.0	0.039252504906411655	0.16858543324280706	0.0	0.06161348338892911	0.02080988355963901	0.0	0.054915380477437686	0.09956083940389303	0.20814775077808464	0.0	0.33065616943092674	0.13593046606308043	0.008444641581137464	0.0	0.14961168799380747	0.05784597046162894	0.0	0.49792720648688654	0.08599468936195077	0.0	0.0	0.04337235805779834	0.0	0.22390209572378633	0.0	0.0	0.10333775678884906	0.0	0.0	0.07075200724086089	0.019252361798201133	0.0	0.0	0.12952525707586035	0.034131839833733496	0.011704626678850949	0.0468853187459665	0.0	0.0	0.21381824588416862	0.34213837245795337	0.0	0.5346456271945772	0.05209535280493091	0.4785983611517644	0.0	0.0	0.03910779053326669	0.0	0.0	0.0	0.0	0.14413751576331582	0.11761708314603331	0.02528719504033359	0.03970659880365553	0.0	0.03020893063469936	0.0	0.11491943135168443	0.05695026753898072	0.019614563457886685	0.0	0.0	0.0	0.0	0.0	0.13272393631114543	0.02692946099004578	0.0	0.0	0.0	0.0	0.09374406675824035	0.005249021271616671	0.09160972853245118	0.0	0.0	0.12195108142328466	0.13139981869162817	0.0	0.17634304519650462	0.0	0.05378325336127702	0.0	0.11910110149652485	0.03399154493600101	0.009034862864942482	0.016261994360608444	0.0	0.0	0.14898860741122558	0.0	0.0	0.0	0.0	0.0	0.037842003598014665	0.1304285255788712	0.0	0.009388548525412137	0.0	0.0	0.0	0.19088555584099126	0.16365028422740066	0.17297436104507743	0.0	0.0	0.0726136996210064	0.06452308762226448	0.10585872164706303	0.024494358967913535	0.09075123629135133	0.07554333382074484	0.0	0.0	0.0	0.0	0.0	0.0	0.07653040990786282	0.0	0.0	0.0	0.07713931724347607	0.0	0.0	0.0	0.0	0.0	0.013146283663358946	0.03577871025268187	0.006716575285598191	0.006412542021694317	0.0	0.011296612154630088	0.031175277863703218	0.0	0.0	0.0	0.0	0.02155739206726683	0.046379687711185134	0.0	0.13392902408216853	0.024316589415654323	0.0	0.04051300466863773	0.0	0.0	0.03951145841013524	0.0	0.0	0.0	0.0	0.05790501601159691	0.0	0.02003935968924306
mopA	0.155552159286249	0.2850147248507709	0.0	0.43171800571513	0.0	0.25007682056573566	0.08913459811720041	0.0	0.0	0.0	0.11889110907603899	0.0	0.0	0.06082668463389907	0.16318459243074138	0.0	0.1490907341186714	0.10278420892550878	0.14730949701709867	0.16842624071013476	0.33508386989704086	0.2409549278784095	0.1540215233348932	0.0	0.0	0.09942610199767515	0.1305717316262607	0.03414070827188499	0.123834799138591	0.25081407159407426	0.14523652339355583	0.14393429944827435	0.0	0.06532055106569742	0.0	0.0651436617070105	0.0	0.045848834563101154	0.058146613509532735	0.0	0.0	0.0	0.17225420687217485	0.0	0.07140473272460343	0.0	0.0	0.0	0.17876097775104705	0.15233061752924146	0.057291361159504124	0.3421090962971623	0.0	0.11450721314301045	0.0	0.0465671113394559	0.13233996437301365	0.0	0.21562442057430986	0.03559663182674774	0.0	0.0	0.16543200093113428	0.07859516619127123	0.18762077498387147	0.10297495292742206	0.0	0.17015793996687897	0.12956468908632104	0.0	0.09383560086875686	0.12227399737897875	0.0	0.16648025688890933	0.17406233509859276	0.0	0.0849113393896328	0.046966663302877174	0.005711956615230337	0.0	0.008318107655566941	0.20395896727690874	0.1394140780147908	0.28979580954521417	0.1804100441713239	0.17098496883730926	0.0	0.0	0.0	0.0	0.0	0.0	0.0	0.0	0.13300604606361216	0.0	0.0	0.0	0.0	0.03480676358183419	0.027798866171553322	0.049720006679751155	0.006507404669227201	0.05395308214724565	0.08856894281546145	0.023974142232268326	0.037395261985928	0.0	0.0	0.0	0.0	0.0	0.0	0.0	0.17646653846172297	0.061080929515105006	0.10248182192719622	0.08258725912246545	0.0	0.04846430134188242	0.08603613527976031	0.0	0.20724376448225826	0.10941995615468825	0.0	0.0	0.0	0.0	0.0	0.02391609740331054	0.01555566624510424	0.07953153960424365	0.0	0.011711100463590309	0.0428119062711397	0.05690058954496851	0.0	0.14689491047311495	0.10870815177885483	0.14242618165947238	0.0	0.0333469598721184	0.010437119340437255	0.0	0.0	0.13866199188442319	0.013441895983015558	0.0905125877745013	0.0	0.0	0.0	0.0	0.12103905197909988	0.0	0.12385362997399302	0.04604920456394729	0.12537789455734571	0.0	0.0	0.07734208192184067	0.0	0.0	0.0	0.02458191809659041	0.0	0.17704138137999142	0.10041533644088967	0.0	0.009786133366016747	0.09732776663352637	0.0	0.0	0.0	0.16670368560600282	0.0482638633079057	0.0	0.05704494462587827	0.0036328655047869183	0.0	0.0	0.0	0.0	0.002414305908754785	0.05711917050245305	0.0	0.01087965562800258	0.011322859727475638	0.0	0.0036173163038652804	0.0	0.10067562050862741	0.0	0.05335326007202926	0.09494498452838528	0.043965935874760775	0.0	0.0	0.03099247370188356	0.0	0.0
htpG	0.4357985673085841	0.23027197153992507	0.43171800571513	0.0	0.0	0.3448486187045331	0.03080554634290129	0.0	0.03399952222905946	0.10124484453659545	0.0	0.0	0.024834192497124857	0.05026646602029991	0.0	0.017474679771869367	0.01324713851976322	0.015099850816785991	0.06153192973719612	0.0	0.24343683387824133	0.000663061987059089	0.04992886118206112	0.10799512103546535	0.04169989036678579	0.12132922817939967	0.1078414975253295	0.11575481683916378	0.0	0.5355839285633108	0.023427664548900187	0.1072722423464202	0.04907770517942982	0.13797488868826494	0.0	0.13714619506587564	0.0	0.0	0.0	0.0	0.0	0.0	0.03030600723445405	0.06068789905237506	0.16962597053705866	0.0	0.0	0.035564647280805	0.05946926803868307	0.08854800510356521	0.0041679847293498795	0.42561502205320445	0.0	0.0	0.01455137678464196	0.007784561012031491	0.19278780380188523	0.0	0.3635325974228453	0.008490673785730495	0.0	0.0	0.11561001455352758	0.0	0.16038146087984417	0.03229315360848448	0.0	0.030655981322713344	0.04310867297523563	0.09898277483660477	0.0	0.0010878368201393414	0.0	0.02275554850781218	0.07915357264617781	0.09971479218194408	0.0	0.14550741747708112	0.0	0.026662034715131205	0.0	0.2895343550451546	0.05625321144681479	0.46359811861256744	0.0	0.2526713626078974	0.0	0.0	0.09062585159698221	0.201742928594756	0.03589765981937826	0.0	0.014756346779170202	0.0	0.0	0.0013269549081554536	0.0	0.0	0.10889461383348767	0.0	0.0	0.008918670578298267	0.0	0.0	0.0	0.0	0.0	0.0	0.0	0.008531284880702247	0.0	0.0	0.0	0.0	0.02170193664337554	0.0	0.027486287005408127	0.0033795891490321036	0.0	0.04194412139772476	0.19263658795005723	0.0	0.19282507847160762	0.0	0.025520807247082333	0.07296786578299383	0.1447961391729234	0.0	0.0	0.004335335004861687	0.0	0.07778191650665017	0.0	0.10943073699694092	0.0	0.06348550884681979	0.0	0.10102720723899102	0.053282482424803636	0.1716908042179101	0.0	0.0	0.0	0.0	0.0	0.04050418722760124	0.018385483726387864	0.0	0.0	0.0	0.07696914463802085	0.0	0.06307482465825355	0.03958522585016392	0.07151110619251186	0.027217376101727732	0.0	0.0	0.03211936194617768	0.0	0.03202843731336176	0.0	0.0014405771257753155	0.0	0.07030045065044971	0.0	0.07220570576096147	0.10615049078863291	0.0	0.16167924640474568	0.11904153738434607	0.0	0.0	0.06080307298069081	0.0020572314980341062	0.0236738467335898	0.0	0.0	0.05986318918796139	0.0	0.0	0.016565253997930813	0.0	0.0	0.1966011797906404	0.0	0.0	0.18154587449916926	0.0	0.0	0.06598899094593781	0.0	0.023283751798314718	0.028290125717193127	0.01604044689446649	0.07930036072404965	0.037490644068938185	0.09061359803828192	0.0	0.02562894213677823
rpoE_rseABC	0.05918354366356074	0.005143661542183315	0.0	0.0	0.0	0.0	0.4966507335635537	0.448725067618425	0.6200344140901016	0.0	0.04141295072429118	0.24838626162135244	0.40103706342621553	0.0	0.05710323126572754	0.048656220782153536	0.004455754593867265	0.006369015727546317	0.0	0.07226928132640727	0.0	0.0	0.0	0.0	0.4059505721590404	0.055757925613995375	0.06112937616996821	0.03983585277318282	0.007027587951368145	0.04350054504170112	0.0	0.009330862026712022	0.4661129771205284	0.034425429110142854	0.24335532866340878	0.0	0.0	0.09451973661455879	0.025172215596212452	0.21441378965435007	0.15239509448743913	0.0	0.0	0.0	0.039353897188079474	0.1379022534838552	0.0	0.0	0.0	0.049970927169824576	0.08135103191848143	0.0022395777804439768	0.0	0.053939498500740035	0.0	0.3987252914011106	0.058596795654119745	0.010363854587478561	0.0	0.0	0.0	0.4016312033411215	0.0	0.0	0.0	0.0	0.003965203030721277	0.0	0.0	0.019730879250321146	0.0	0.0	0.030206017789030107	0.0	0.018797458099550152	0.0	0.008952392177434397	0.0	0.09143530387771714	0.0	0.004853944545153683	0.0	0.018383544759863236	0.03449099526580129	0.05635350686587334	0.0	0.0	0.0	0.0	0.0	0.3754830883821321	0.0	0.0	0.02682009925956574	0.0	0.14404944583279006	0.08956880488509973	0.37807604135158873	0.0	0.0	0.4000590120258867	0.0	0.0	0.22948778812658197	0.0834192053438679	0.0	0.0015731559051194713	0.0	0.14934040230439274	0.0	0.0	0.09030957976837525	0.0	0.0	0.06680502822808984	0.0	0.049401014651760264	0.0	0.06545759712967178	0.023137875003937217	0.05247802170398449	0.0	0.0	0.008286000533863337	0.0	0.20063998297477434	0.0	0.02113485238471123	0.14478754860114063	0.0024403705972777397	0.056588549026628444	0.013270770486240995	0.0	0.38148092087942204	0.0	0.0	0.0	0.0	0.1822836593996318	0.0	0.011557924124206084	0.02373281679454386	0.0	0.014091403031038183	0.0	0.03783069407250488	0.0	0.0	0.22439978921692072	0.002537759814155951	0.003121053137441849	0.10175374810546861	0.0	0.2837220901098912	0.0	0.0	0.0	0.0	0.0	0.0	0.08216131501291966	0.2314009982727921	0.08123438801441683	0.0	0.0	0.0	0.0	0.0	0.097627876963775	0.0	0.08482112638807103	0.07803956501829014	0.0	0.0	0.03896655849355065	0.14936072790986032	0.11476971431929721	0.0	0.20430449171228723	0.0	0.2837093875280307	0.0	0.05676155565898782	0.0	0.0	0.0	0.0	0.3894227678713324	0.0	0.0	0.0	0.0	0.1296266189059702	0.20042391615778316	0.0	0.5060023844814481	0.0	0.6891504461708531	0.0	0.0
ibpAB	0.12348863169996079	0.16601750442988988	0.25007682056573566	0.3448486187045331	0.0	0.0	0.014620164564279005	0.07991862648337024	0.042690712231858316	0.0	0.0010774948237164844	0.0	0.12981139879760156	0.0	0.38830538068479536	0.060895238117716334	0.05410155624908668	0.13115798487249267	0.001195600805088407	0.09022300057023382	0.3375752648168327	0.11093355685159677	0.08112223618145975	0.0	0.025344953478337894	0.06764346506745587	0.14970647723875827	0.004417507830705006	0.04698851493213801	0.40745599305165636	0.0	0.07896433394542582	0.0	0.039020710098172935	0.0	0.16583498312324382	0.0	0.08289176895019998	0.019415238085514454	0.0	0.0	0.09510091998510728	0.0	0.0	0.0	0.0	0.0	0.0	0.08521265622278856	0.030171352082773256	0.013125997158741926	0.22838582981056438	0.0	0.0	0.0	0.061203050567169556	0.0	0.08360324857266581	0.28285669113813466	0.027489348951587445	0.0	0.0	0.08395430018551947	0.16865417742512545	0.04518264097714521	0.14474497651769613	0.024718561446756597	0.16895187026757097	0.04627791146039157	0.0	0.006924261075601233	0.0	0.014585117497562408	0.0	0.13977182166724508	0.13914218850004956	0.17362905884426413	0.10597303398035765	0.0	0.0	0.0	0.029885289246881438	0.0	0.31885512064391464	0.0605151569575784	0.4956550462932323	0.01406865930578423	0.07127161741362202	0.0	0.12408662540116831	0.0	0.0	0.0	0.16901472244690174	0.09102772871198907	0.0	0.002795691447846909	0.0030104931926726165	0.036725926086592954	0.0	0.0	0.0	0.0	0.0	0.12498786202954677	0.019263708168898053	0.025566509625495736	0.0	0.12769133810283786	0.0	0.1277803314126334	0.0	0.0	0.0	0.09841117706539952	0.0	0.19249001595914778	0.0	0.0	0.04062349036043668	0.0239446327755267	0.0	0.03548759691932612	0.0	0.0	0.0572269714989241	0.0	0.023792314789262536	0.0	0.1852680778278184	0.0051637331835398485	0.14921768420915943	0.039159066976686425	0.1671546945497122	0.004100057533111572	0.0	0.0	0.0	0.25833371271644173	0.09675061347648413	0.0	0.0	0.0	0.032205366005172736	0.08505584216128692	0.037405475829252126	0.022070858099310173	0.11129508375582198	0.025309535403877866	0.0	0.0	0.0	0.051102433851799495	0.0	0.0	0.015374004941238575	0.0	0.06241648771182723	0.056424635894814494	0.0	0.0	0.18637863354334042	0.0	0.12650560640089376	0.0	0.0	0.0	0.016874562601534443	0.04952618418571903	0.0	0.0	0.04042139361246306	0.0	0.0032180614552495693	0.0	0.0	0.0005550259510900014	0.0	0.0	0.0	0.0	0.0	0.024684282398851846	0.13855003757071588	0.07674688345611944	0.0949568828820778	0.18233718251039938	0.12498175495218104	0.021473295256349927	0.0	0.0	0.0	0.0	0.06577880055416678	0.0	0.0	0.0	0.0	0.0	0.010250872450574815
ecfABC	0.17748838366335534	0.07360639932012161	0.08913459811720041	0.03080554634290129	0.4966507335635537	0.014620164564279005	0.0	0.3480542848462756	0.28669668182452057	0.0	0.0	0.2877846172314594	0.3826748525298567	0.0	0.0	0.07190429500568589	0.0	0.06486271748067715	0.0	0.025730482290813567	0.0	0.007821874198487047	0.03226964396233354	0.0	0.29656185884735414	0.0073263615763590854	0.0	0.0	0.0	0.0	0.0	0.0	0.4903431978282845	0.0	0.11542459897875196	0.0	0.0	0.07873210079129997	0.028518306524253714	0.07945715227202044	0.00447276869403195	0.0	0.0034746317792441776	0.04027146572271265	0.0	0.04841175696786503	0.0	0.0	0.0	0.0	0.0	0.0	0.0	0.07982548314428811	0.02553413559406961	0.35853076972467723	0.0	0.0	0.0	0.0	0.08393294963516883	0.5161556230422062	0.020026675611452636	0.0	0.015121960342389638	0.03790244487187478	0.0	0.0	0.0	0.0	0.0	0.0	0.0	0.0	0.0	0.0	0.0	0.0	0.0	0.006659512417585696	0.0	0.0	0.0	0.016389544964312813	0.0	0.0	0.0	0.0	0.0	0.0	0.3339073630451187	0.0	0.0	0.04984659489719497	0.0	0.0	0.0	0.4493885843539827	0.02661189862095193	0.0	0.38631907094678464	0.0	0.0	0.0	0.02655223910599572	0.0	0.0	0.0	0.0	0.0	0.0	0.0	0.0	0.0	0.005480645381110105	0.0	0.0	0.0	0.0	0.0	0.01326570643347763	0.0	0.0	0.0	0.015642510493487534	0.04119118027302451	0.0	0.0	0.06842301340391732	0.0	0.0705874888601262	0.0	0.0	0.31973426244947006	0.0	0.0	0.0	0.0	0.0	0.04942801428148368	0.0045203904303972	0.0	0.0	0.0	0.0	0.0	0.0	0.03920696415487843	0.14243901213215887	0.0	0.0	0.0	0.0	0.37994349399451877	0.0	0.0	0.0	0.0	0.0	0.0	0.0	0.42184276653059705	0.0	0.0	0.0	0.0	0.0	0.0005555317603020833	0.0	0.0	0.0	0.0172302966692443	0.0	0.0	0.0	0.0	0.0	0.0	0.0	0.011507843028714283	0.09223782312315522	0.0	0.0	0.0	0.0	0.0	0.0	0.2988415502347843	0.0	0.0	0.0017938843501000134	0.0	0.0	0.05968634406956166	0.0	0.32026079019746484	0.0	0.47715715282667637	0.0	0.0
ecfH	0.00565508588429104	0.0	0.0	0.0	0.448725067618425	0.07991862648337024	0.3480542848462756	0.0	0.4232953408328082	0.0	0.0	0.20490444116238896	0.43899861654095235	0.0	0.0	0.023059058638319276	0.023497984568394612	0.0	0.0	0.046743866816643206	0.0	0.020850489693593672	0.0	0.0	0.23799326431367043	0.007541023132267894	0.0	0.0	0.0	0.042371721661194635	0.00149557574240245	0.0	0.5098986928643477	0.025031763963331892	0.0	0.0	0.0	0.030210375401404813	0.0029670423216167385	0.14492460778400393	0.1859026352828309	0.0	0.0	0.0	0.007367708282768892	0.049703333982113164	0.13076087485043394	0.0	0.0	0.018720422320122655	0.0	0.12217822788587723	0.0	0.0	0.034217150579827195	0.3046317861137707	0.0	0.0	0.0	0.05299921629026083	0.15762935793718888	0.3771549900184729	0.0	0.0	0.0	0.02239305154938348	0.0	0.0	0.0	0.0	0.0	0.0	0.0	0.0	0.0	0.013104963475442415	0.0	0.0	0.16990257156054472	0.011841596598603527	0.0	0.08820952458045206	0.06020879391913685	0.0	0.0032198714142496736	0.06532434938772565	0.0	0.03318641671859251	0.0	0.0	0.6855506357212523	0.0044469539447345	0.024755784785980957	0.020991652562164516	0.0	0.0	0.0	0.36990786311581064	0.015382813471046197	0.0	0.5556865590523484	0.0	0.0	0.05758197641617943	0.0	0.0	0.021989820996233932	0.0	0.13789511630231535	0.0	0.0	0.10901829939076876	0.0	0.0	0.0028508077390844992	0.0	0.024208689777360102	0.0	0.0	0.0	0.09963757988639883	0.0	0.0	0.027921624379058825	0.0	0.2511783553237278	0.0	0.0	0.07994542195262741	0.0	0.10552595336987872	0.0	0.0	0.435137098910705	0.0	0.013689440945549665	0.0	0.038457505124345495	0.1950624979968201	0.02763149518840594	0.0	0.0	0.030411088817605923	0.016996235752221985	0.043646076079907954	0.0	0.0	0.0	0.1348884026850264	0.0	0.0	0.11737176709646527	0.0	0.31256901603008835	0.0	0.0	0.0	0.0	0.0	0.0	0.00574735338231448	0.30648217590498267	0.20792092212591212	0.0	0.025059062362967174	0.11710787501237159	0.0	0.0	0.0	0.0	0.0	0.0	0.014416683087163545	0.01794824480422558	0.0	0.0068852997175732475	0.2017786930093462	0.0	0.0	0.0	0.005946128201874062	0.0	0.0	0.0	0.0	0.05344467791772348	0.0	0.4594504934048624	0.0	0.0	0.0	0.0	0.2451519953979723	0.1432277026773214	0.0	0.28955948306126705	0.0	0.2910877801336131	0.0	0.006218127230832542
fkpA	0.1907648021065333	0.0	0.0	0.03399952222905946	0.6200344140901016	0.042690712231858316	0.28669668182452057	0.4232953408328082	0.0	0.005022708052907853	0.1056578708545987	0.27877953792246846	0.27506432801103675	0.0	0.0	0.043434266066676434	0.02301158428188102	0.05937702307111868	0.0	0.07162767386714468	0.0	0.0	0.014603217965448941	0.0	0.3824487512788401	0.0	0.05720639853271528	0.0	0.01919945617269722	0.15509963997813794	0.02470358092988965	0.0	0.44563520198329865	0.018630068723005277	0.12474125691605656	0.0	0.0	0.08705734434538841	0.0	0.25747086896041055	0.12531183535850757	0.0	0.0356323211480413	0.0	0.0	0.11812915883967161	0.018810438455711006	0.0	0.0	0.10109411455015696	0.06944758524120324	0.20218828760433333	0.0	0.07944070270862222	0.0	0.241615195790336	0.0013294387327645262	0.03740356056564831	0.0	0.0023929888783011943	0.05709263884293612	0.44919114126585735	0.0	0.0	0.0	0.0	0.0	0.05465350943808233	0.0	0.0	0.0	0.0	0.0	0.0	0.0	0.0	0.0	0.0	0.11904225774736495	0.003788345632277094	0.06121571567306284	0.05512756286052287	0.0	0.0166704340208507	0.05398162908803797	0.09444211708852353	0.0	0.0	0.0	0.0	0.5442866456932645	0.0	0.0	0.0	0.0	0.07024091627237854	0.02337853315520281	0.3583484933751405	0.0	0.0	0.3586409368840571	0.006806380534452639	0.0	0.0	0.0	0.027157678812900175	0.07835280373333654	0.002939725676958623	0.12401151162298749	0.09136191135648618	0.0	0.0329017970005992	0.0	0.0	0.0	0.0	0.010542241543836766	0.0	0.2364299037932641	0.018031079387801782	0.11925293337448255	0.0	0.0	0.06903710535052518	0.0	0.19165029995252583	0.0	0.0	0.0	0.02326650764589305	0.18457399853324222	0.0	3.369068355130082e-05	0.44798753556702064	0.11939894505165564	0.0	0.0	0.07660779245858813	0.09496097613516191	0.04777193114364692	0.0	0.0	0.0	0.0	0.0	0.0	0.016887045071182157	0.0	0.23096115048423008	0.0	0.0	0.02173400950524473	0.0	0.32454309595998904	0.0	0.0	0.0	0.0	0.016566274434038318	0.0	0.17375272357024144	0.29546045279040994	0.0	0.0	0.0	0.0	2.1604254073766236e-05	0.0	0.0	0.0	0.04599160252363441	0.0	0.0	0.07808918083791791	0.057698116178975536	0.015739408220296323	0.17671431429940856	0.0	0.08486245144063684	0.01620190399671059	0.10384884871362442	0.04032527606085435	0.032323467439050256	0.0175214283721822	0.05741660393550771	0.08230080122791535	0.0	0.37805747151193936	0.0	0.0	0.0	0.08947760691094622	0.06031223188923455	0.14364221272186664	0.07239537895512088	0.3466115900464703	0.0	0.3980506147510809	0.0	0.08171685105037584
crp	0.030695268531018102	0.03247102061419934	0.0	0.10124484453659545	0.0	0.0	0.0	0.0	0.005022708052907853	0.0	0.12966706992120827	0.06028497440195839	0.0	0.1548057618977437	0.0	0.24504757574167088	0.238173961174752	0.3159191814345413	0.2561085970360414	0.22581095394183126	0.10178165793576252	0.15318621441385927	0.2973730535105861	0.21682871053738953	0.0	0.3451901138318903	0.24259942241695737	0.22066056775540502	0.3026565233364741	0.08565619385351218	0.23957072428688445	0.2805844790632825	0.017175837690888058	0.2263064143454222	0.0	0.35619498728200294	0.13389680844316793	0.23773555483907088	0.28448879155789875	0.029197297737362005	0.011684984400785588	0.19023945789585664	0.23061198147079065	0.1731739681028584	0.0	0.04044308525019235	0.10913504746188579	0.2219092466629313	0.3398116470058593	0.22462342532349894	0.18453946321703613	0.025223682975832266	0.07765073485717822	0.1455354518894505	0.0	0.0	0.2588670575744033	0.0	0.0	0.1483809235727124	0.09597784687905507	0.0	0.30516635940413006	0.15420758869957002	0.19188414393104436	0.25558475298135463	0.28583517563317323	0.3468815696108723	0.06625676719045089	0.0	0.1027902398567521	0.19096562715786836	0.0	0.1292487033736473	0.2679092725903265	0.0	0.1397628278472301	0.018209111957200427	0.08836679567173217	0.11730549803620699	0.041878331660420494	0.023674048644765504	0.23415063341172462	0.0	0.26807914040502157	0.08650565003281413	0.004954993574426203	0.0	0.2712289897027831	0.08374286197307983	0.00943259663065487	0.09125782115252827	0.010110703532191368	0.042853427698343764	0.2496354254428943	0.007546119137191198	0.013336167522182715	0.007752270314574099	0.3074954726054858	0.14979968146320427	0.0	0.341459955851191	0.05199300346398894	0.017462375576219658	0.08286491061083968	0.21521800449355585	0.0	0.12819669297873684	0.117670837648206	0.09716647612737997	0.0	0.0	0.0	0.052373585531305236	0.29380360968320895	0.09612266165123738	0.2752457757816501	0.021155728008457265	0.0	0.24667383803465087	0.22598258064030807	0.11339718490494904	0.2402206150381973	0.0	0.1703783483626323	0.040702194307737194	0.0	0.0	0.19326898511135326	0.09737005437119607	0.0	0.15774992288761183	0.0	0.0	0.13383910287452358	0.1640883520064118	0.019770328467526955	0.21182546572462824	0.0	0.18327623343706811	0.06782285853008907	0.0	0.04819678842312201	0.08586454250035093	0.23731585229114321	0.0	0.32228993848067333	0.193793168164	0.0	0.0	0.0	0.0	0.18205798394829928	0.03095228515633962	0.0658174683802049	0.3007620939132375	0.04894249761686534	0.0	0.13453828524729688	0.009721618162214264	0.0	0.03800894651420193	0.0	0.0021617785835876964	0.0	0.09314180655697042	0.07994257181952943	0.1877749559869162	0.0	0.021079385204394868	0.0	0.0	0.15602094444417716	0.0	0.08934085802149162	0.0580140125063732	0.0943869089234511	0.19727861395754104	0.09921936219833975	0.0	0.0	0.013708867072030409	0.13254377611764592	0.0	0.0	0.10888664200336734	0.3260327259883492	0.0	0.024094379364374287	0.013590865149550624	0.0	0.1787235070443604	0.0	0.0	0.0	0.07320344626675877	0.0247002813158417	0.00661099994235308	0.17897763556185722	0.0
araE	0.0	0.0	0.11889110907603899	0.0	0.04141295072429118	0.0010774948237164844	0.0	0.0	0.1056578708545987	0.12966706992120827	0.0	0.07111812500786863	0.0	0.21136516018662418	0.0	0.20841461702766	0.11936495812984585	0.16467268492065354	0.16471642122072627	0.1059459593832524	0.035409409707186396	0.2099964128697122	0.14955799758725233	0.01650908231221364	0.1137060539543859	0.1906345612302613	0.1400428972547649	0.08642204924474615	0.1612423714515317	0.0	0.13111975193921666	0.12018241204314502	0.008146337000453042	0.22010192562651792	0.10328508364067208	0.11440797728547145	0.09064267985040698	0.1685278837147946	0.14411480463087445	0.019357742910498018	0.04672568659765454	0.10238650955804798	0.17455868710338596	0.18316520183467397	0.0	0.05608329241085256	0.0	0.1280859047196476	0.16670028291740216	0.17484126835691988	0.0	0.02173079137856054	0.0	0.13391580525939417	0.14900719013096703	0.0	0.22616247964318145	0.04925280764546009	0.0	0.1311947782567617	0.09058644727080188	0.0	0.12088720420462332	0.026866093733417997	0.19484999979556014	0.2522333564105656	0.0	0.19553520542973044	0.2057779120547632	0.11778666780600064	0.10509635809165704	0.2103193391435064	0.12362847834472532	0.14281159585964642	0.1722485865786313	0.014311434222950526	0.0013982138861145116	0.006576619522848887	0.0	0.0	0.0	0.0	0.07637923420244679	0.18920034285213191	0.2102034864000654	0.0	0.0	0.0	0.0	0.17817065540122473	0.05911830581548035	0.0	0.0	0.0	0.1277998029704577	0.0	0.0	0.007620175684990486	0.06073011266207705	0.0	0.02166088546030504	0.10955737761332647	0.0	0.0	0.011959424203021818	0.21758039528733708	0.0	0.0	0.0	0.021238761438645913	0.015646199053318714	0.05286563743851673	0.16395436565566265	0.008098276194871525	0.19404145374660733	0.03184751592318076	0.09731935909079126	0.0	0.0	0.12812420707222882	0.19135060981573515	0.0	0.2042598966421339	0.13650263064974058	0.12319381324552381	0.0	0.0	0.0	0.04207561978405673	0.00734323636614277	0.16202758639992076	0.0	0.0	0.0	0.015473035621394531	0.096998264158149	0.0	0.0	0.0	0.1473555783037455	0.0	0.02803831165714269	0.0	0.02875047999005466	0.16566094191432013	0.0864841027431139	0.1405801706305959	0.14242140738681242	0.0	0.0	0.0	0.0	0.22521608775679358	0.0	0.1457579344383336	0.1367228282541143	0.0	0.0	0.036412293431378896	0.2815901769163576	0.05954369041561714	0.0	0.024119370750351633	0.13436359851305024	0.02145089857639788	0.0	0.011191434164909237	0.04807108999966717	0.0	0.013118764730082484	0.08903951580276617	0.1454850381952299	0.0	0.0	0.0	0.00707417337085636	0.02166862297380349	0.0	0.022719277115697028	0.0	0.0	0.0	0.02143054734330768	0.0	0.0	0.08707683045165512	0.10880835909702159	0.029185060532911745	0.0	0.0416039677644847	0.0	0.16218757204858694	0.0	0.0	0.0	0.0	0.014473125672684956	0.0	0.17229497480292577	0.0
xprB_dsbC_recJ	0.24553153382634718	0.0	0.0	0.0	0.24838626162135244	0.0	0.2877846172314594	0.20490444116238896	0.27877953792246846	0.06028497440195839	0.07111812500786863	0.0	0.19977061873675542	0.05040456605206116	0.24995139859285373	0.026720201356343492	0.0	0.10046219113868991	0.0	0.16092004699787757	0.0	0.03675353808480899	0.01180344530041491	0.0	0.2404992369716027	0.0	0.0	0.0	0.0	0.0	0.0	0.0	0.28170278584432606	0.07015532927066108	0.050392214344025466	0.0	0.0	0.0019610201675875957	0.04283315522018477	0.32988441905479693	0.09760020272756438	0.0	0.0	0.0	0.013539321079016665	0.0132367160561707	0.06496365742411128	0.017550863617554122	0.0	0.0	0.0	0.0	0.015557535495926651	0.045029623954561095	0.1597548365342271	0.5109214720595242	0.013070935796312525	0.0	0.013851831802085579	0.0361538914883737	0.019353669924159152	0.22270274952770977	0.002488309607731412	0.028178449032568633	0.0	0.01990597513692778	0.0	0.018955378880307506	0.0	0.010563104528400211	0.0	0.0	0.0664419506481209	0.0	0.007998901731250384	0.08739177531756114	0.0	0.0	0.0	0.1618902441699094	0.1424567499533488	0.0024556770654674633	0.005022120597977818	0.0	0.08260855403392633	0.13370268965737694	0.0	0.0	0.012253153630957012	0.0	0.16154404444810047	0.005174992330165071	0.0	0.0	0.0	0.0	0.0	0.3460211039393908	0.01797605843551032	0.0	0.2969609991573839	0.0	0.0	0.0	0.0	0.170382502297175	0.0	0.0	0.0	0.20452503259647162	0.0	0.0	0.0	0.027748597759700597	0.0	0.0	0.04479412891133833	0.0	0.06344177458125322	0.0	0.10964474015710862	0.0	0.0	0.0	0.05389556461291914	0.2609786037800386	0.0	0.0	0.014168414429457352	0.020777113282656606	0.1516697600459159	0.0	0.0	0.2855799828339828	0.08812783102209072	0.003709799953703739	0.016687769704575202	0.0	0.05422811849885791	0.13689749528447454	0.0	0.0	0.0	0.0	0.01183460016636854	0.23380899209080405	0.0	0.06689530199449337	0.3320432844648065	0.03135058100020385	0.030232401702944008	0.08304694413068618	0.0	0.19318013357079972	0.0	0.0	0.0	0.0	0.0698859304408417	0.14508017234205897	0.052902949826738335	0.28084847627398923	0.0	0.0	0.04069275988894481	0.0	0.02494205679359226	0.0	0.0	0.09334740324395374	0.031709131902845425	0.0	0.1364597786036664	0.0	0.1218780267921459	0.03335876853498013	0.06267511442982864	0.13853606742101893	0.07135951520823619	0.06211810149854333	0.2002903273591599	0.11317887321291048	0.17687602568663943	0.015881812283927096	0.0	0.03119068632188329	0.0	0.28015913285954885	0.0	0.0	0.060144270348697126	0.0	0.0	0.12291983965898777	0.0419550141821202	0.31772937172630533	0.0	0.3498857439756415	0.0	0.0
lpxDA_fabZ	0.14568134159313123	0.0	0.0	0.024834192497124857	0.40103706342621553	0.12981139879760156	0.3826748525298567	0.43899861654095235	0.27506432801103675	0.0	0.0	0.19977061873675542	0.0	0.0	0.019893026917575312	0.06601895479858133	0.0	0.0	0.0008607586400890154	0.03875207805137288	0.0	0.0	0.027712546718567616	0.04827459457747985	0.29490799462305733	0.0	0.0	0.0	0.030332655839701753	0.09692902074927866	0.0	0.07233954195315397	0.27996869745852504	0.0	0.09656071687640108	0.0	0.0	0.0	0.0	0.18557406069674925	0.2613425668825958	0.0	0.0	0.0	0.0	0.029378401097221896	0.0	0.0518192764181172	0.0	0.054121320209453476	0.0	0.0	0.0	0.0	0.13223809428933508	0.395752987881921	0.0	0.0	0.0	0.0	0.0	0.35783851199344063	0.0	0.0001779945480701523	0.018144645321596365	0.0	0.0	0.0	0.03473094252569875	0.0	0.0	0.046775528296614514	0.0	0.0	0.006892532258282685	0.08543871162412348	0.0	0.0	0.12663052208955733	0.008225349356397021	0.02242616936428172	0.0	0.0	0.0057872802190550065	0.0	0.0	0.17824117475950418	0.0	0.0	0.0022983896583843376	0.4366842030304323	0.1556904795435185	0.017402863003865805	0.01275429456505589	0.0	0.0	0.04968700583776639	0.4122762699323092	0.0	0.0	0.35780336271696656	0.0	0.0	0.033523721297920805	0.0	0.026006996841073826	0.1103085855308989	0.0	0.17510273912252097	0.024113297557250713	0.0	0.0	0.0	0.0	0.07804047311158946	0.0091941721719094	0.0	0.06189532437432264	0.043569487414107655	0.07431945291046103	0.0	0.02561089868788957	0.0	0.026335538333403803	0.0	0.28207460986913474	0.0	0.09076653116506775	0.13658525677293054	0.050514000226202664	0.0584385532001678	0.0	0.0	0.4351521088495868	0.1556506095449264	0.0013281800230226925	0.0	0.0	0.06115123426597876	0.07547367343233354	0.0	0.0	0.0	0.0	0.0	0.0	0.0	0.0	0.241674845500782	0.0	0.0	0.0	0.06524535638985457	0.45017029919362583	0.07738820383893516	0.02301004759684363	0.0	0.0	0.0	0.09530301274878	0.0	0.2753464646482544	0.057657037103747144	0.06177629752430789	0.0664943077388912	0.0	0.0	0.0	0.0	0.004351682475939591	0.0	0.0	0.0	0.02413932268022019	0.0	0.0	0.0	0.0	0.24409131768068362	0.04199879744614466	0.15370751252762843	0.0	0.0	0.036671054387550424	0.033252859273896276	0.08686242801426113	0.01208963005578319	0.3724649337580783	0.1610891495765024	0.0	0.041557154837022006	0.0	0.04625302298896194	0.06313163553482413	0.15279627099462437	0.2042490196245729	0.0	0.5030033646733554	0.0	0.0
ppiA	0.13387072032104755	0.057717821598295124	0.06082668463389907	0.05026646602029991	0.0	0.0	0.0	0.0	0.0	0.1548057618977437	0.21136516018662418	0.05040456605206116	0.0	0.0	0.03522460485938056	0.19334289967211474	0.22360112977557864	0.2355755868144578	0.268262294261091	0.24883238685145437	0.021907257334658765	0.2127550095924555	0.29462821642994497	0.014134977665790704	0.0	0.16016479536564657	0.22370595324673373	0.185913666926675	0.19562819106202894	0.16025676716982776	0.22811553790753705	0.15331297117549167	0.0	0.1621877509849256	0.07941685474046214	0.1710958614869899	0.20080885531398032	0.1473503877050335	0.19753457879109684	0.0	0.1088218260811503	0.14094047038333427	0.1534520841597202	0.13646522678075373	0.028766129904761805	0.0	0.0	0.08762329435207301	0.19754288779766366	0.23577167265188387	0.008960242383204557	0.0	0.014050085871747784	0.25336065330409746	0.1782556983427307	0.0001566643030574139	0.23328609211479398	0.0	0.10825246371765886	0.20633374183125977	0.0	0.0	0.22964653044326033	0.1296385710952413	0.1967373127035675	0.25602287290797215	0.07225615871887715	0.20333760080567015	0.1303917080164601	0.05206110959848989	0.07079762609705186	0.10825709227892222	0.0	0.18931946924647708	0.24942675812851164	0.03236950381178339	0.06015039926216509	0.0	0.023414824175703845	0.15892719916210601	0.0	0.07164639298093445	0.2831514515590303	0.0	0.21317323768514398	0.0	0.0	0.0	0.10103401542078679	0.11265401852183905	0.0510453847585933	0.20406687130887163	0.0	0.0	0.2112517428086355	0.0	0.0	0.0	0.22941654857719881	0.1697113966477411	0.0	0.22415199822992998	0.01845147638058989	0.0	0.013546346976543402	0.19155242728318228	0.10773919612500495	0.007649930264217307	0.09128330769790517	0.07605197188326897	0.0	0.0	0.166369466772172	0.0	0.21425300956208085	0.1376722266360769	0.21505963220661217	0.07302678485274804	0.0	0.25738774247037394	0.18896072590025015	0.09437667773731696	0.21293851898388316	0.0486583674436687	0.28928369131748305	0.07029596090337858	0.05788066186921587	0.03470130959794972	0.08923742536315897	0.0	0.016699674359359335	0.11327881929031335	0.0	0.0	0.10012115600650293	0.18104000449136579	0.03696010803978612	0.22462536434714864	0.0	0.187017382874758	0.0	0.0	0.0016749650281422846	0.06562316538294487	0.047105042585499184	0.0	0.18866062018146337	0.21551110877169435	0.0	0.17285500493854572	0.0	0.0	0.16388939227260782	0.0	0.0	0.1716046999628586	0.0	0.0	0.09265455642051215	0.08010109086733158	0.09585872004735374	0.0	0.0	0.1089203490249164	0.07221310510735987	0.12087194515518625	0.018742040037431584	0.0838649125409527	0.053106195114483244	0.0	0.0	0.0	0.12851086336035547	0.0	0.0	0.0	0.003541477702320786	0.03230199768011058	0.06306449608863954	0.19233107240592032	0.015873097500272042	0.006290180151040053	0.0	0.0	0.0	0.0409067958512092	0.1730396482774168	0.0	0.010438270766192442	0.04301657652207624	0.0	0.0	0.08119678699312577	0.0	0.04287504967177707	0.017934709980873466	0.08313589070711498	0.0038045271848234897	0.15344966253581566	0.019500107419985716
dnaA	0.06458957007420775	0.0	0.16318459243074138	0.0	0.05710323126572754	0.38830538068479536	0.0	0.0	0.0	0.0	0.0	0.24995139859285373	0.019893026917575312	0.03522460485938056	0.0	0.09437346836682324	0.056722368290642325	0.24213209688675352	0.16945795403026886	0.17785254575788742	0.05568304411161379	0.004825555029288013	0.049819470159223944	0.0	0.005880649068447759	0.0	0.0	0.037265519317371244	0.12080441112400618	0.015298849694760003	0.0	0.10528358952516284	0.0029985378368905377	0.0	0.0	0.0	0.0	0.0930024621593822	0.0	0.008212186515603117	0.20710245933531612	0.0	0.23379494879867063	0.09919419378511812	0.042767390999404346	0.0	0.0	0.05864881234774649	0.0	0.0	0.0	0.09561345260670442	0.0	0.12595756654031978	0.07789077126618339	0.07778701748108977	0.12437324608368763	0.011898330340418543	0.20431925281134286	0.0	0.07887503020577505	0.0	0.0	0.0	0.0703658366024814	0.0	0.0003528112110642657	0.0	0.0	0.0009270172992656285	0.0	0.0	0.015664333303529183	0.0	0.0472366065769831	0.0	0.09241469351495618	0.0	0.06383883058429116	0.0	0.0	0.0	0.025852876494908212	0.0	0.14054508145511396	0.0	0.0	0.1707339554922188	0.0	0.0	0.10665282236871669	0.18834017311987986	0.0	0.06946419365542816	0.0	0.0	0.0	0.0	0.0	0.06661569067766124	0.12416189286508936	0.0604692925431526	0.0	0.019522714336532642	0.023790242252648027	0.0	0.0	0.0	0.04162303402702818	0.01074684538766278	0.0	0.0	0.0	0.0	0.0	0.06184441569582437	0.030350236133583022	0.0	0.0	0.0	0.0	0.0	0.0	0.023298577578792567	0.016245433542625334	0.019211946729855583	0.08174743643936855	0.0	0.0	0.054807171658609266	0.0	0.1815276255843895	0.05461885332536071	0.03792820796779686	0.04121758634890672	0.22043591923329614	0.0	0.0	0.07235262308909621	0.0	0.006675352503529126	0.0	0.0	0.0	0.0	0.0	0.011771940431298228	0.0	0.0	0.1027781349661722	0.0	0.0	0.032952386704918735	0.05431165943620977	0.01798511526856515	0.05792098614613623	0.03399126058310761	0.0	0.0	0.0	0.14390810872313436	0.1977036931935386	0.0	0.03976077037618207	0.0	0.0	0.03403681990487854	0.05720371822008219	0.0	0.008800138453170955	0.0	0.11270812685420034	0.0	0.3293486957181675	0.0	0.0	0.13548364388743128	0.023590347678415568	0.0	0.07193493212007986	0.0	0.0	0.0	0.0	0.1903861202820193	0.2608188035888653	0.0	0.016930112122658544	0.14352468074923452	0.1683074526040104	0.0	0.01344024505690149	0.0	0.19738254886774792	0.0	0.054404256342057325	0.0665124150987723	0.012148560806016357	0.0	0.007595244348413428
