	lon	rpoH	mopA	htpG	rpoE_rseABC	ibpAB	ecfABC	ecfH	fkpA	crp	araE	xprB_dsbC_recJ	lpxDA_fabZ	ppiA	dnaA	ptsHI_crr	cirA	cyaA	speC	araBAD	clpP	nagBACD	araJ	nupG	ecfK	fur	yhfA	srlAEBD_gutM_srlR_gutQ	fucPIKUR	mopB	mglBAC	malK_lamB_malM	uppS_cdsA_ecfE	fecIR	sodA	tnaLAB	deoCABD	fepB	glgS	htrA	acs	ebgAC	araC	ansB	fnr	himA	cytR	narK	gntKU	ivbL_ilvBN	icdA	hflB	arcA	fhuACDB	frdABCD	ecfD	malEFG	narL	appY	dcuB_fumB	focA_pflB	ecfG	melAB	tdcABCDEFG	gltA	fixABCX	hypABCDE	fucAO	nuoABCEFGHIJKLMN	aceBAK	caiTABCDE	malT	nrfABCDEFG	tsx	gntT	cydAB	manXYZ	appCBA	ompC	yjdHG	cpxAR	htpY	malI	dnaKJ	malS	grpE	deoR	pspABCDE	sdhCDAB_b0725_sucABCD	dmsABC	ostA_surA_pdxA	FruR	marRAB	cyoABCDE	tonB	soxS	nfo	rpoD	uhpT	caiF	bgr_oxyR	bgr_gorA	bgr_katG	bgr_nlpD_rpoS	bgr_ahpCF	bgr_dps	bgr_himA	bgr_proP	bgr_crp	bgr_yhdG_fis	bgr_osmY	bgr_osmC	bgr_hns	bgr_acs	bgr_fnr	bgr_fur	bgr_cspA	bgr_rhaBAD	bgr_rhaSR	bgr_araE	bgr_nagE	bgr_rpoH	bgr_dnaA	bgr_cytR	bgr_tonB	bgr_mopA	bgr_gltA	bgr_speC	bgr_fucAO	bgr_nupG	bgr_deoR	bgr_malXY	bgr_fliAZY	bgr_flhDC	bgr_lacZYA	bgr_lacI	bgr_caiTABCDE	bgr_caiF	bgr_narL	bgr_malEFG	bgr_manXYZ	bgr_mlc	bgr_pdhR_aceEF_lpdA	bgr_proK	bgr_ansB	bgr_valUXY_lysV	bgr_pheU	bgr_cyaA	bgr_proL	bgr_pheV	bgr_flgBCDEFGHIJK	bgr_ubiG	bgr_araJ	bgr_ibpAB	bgr_gntKU	bgr_gntR	bgr_sdhCDAB_b0725_sucABCD	bgr_tsx	bgr_fhuACDB	bgr_aldB	bgr_rhaT	bgr_fucPIKUR	bgr_glgS	bgr_fliFGHIJK	bgr_mopB	bgr_malT	bgr_hypABCDE	bgr_malK_lamB_malM	bgr_tdcABCDEFG	bgr_metT_leuW_glnUW_metU_glnVX	bgr_osmE	bgr_dnaKJ	bgr_clpP	bgr_hflB	bgr_nrdAB	bgr_tyrTV	bgr_aspV	bgr_glcDEFGB	bgr_glcC	bgr_narK	bgr_mglBAC	bgr_arcA	bgr_dcuB_fumB	bgr_ompR_envZ	bgr_fliDST	bgr_uhpT	bgr_yiaKLMNOPQRS	bgr_argU	bgr_ptsHI_crr	bgr_pspABCDE	bgr_fixABCX	bgr_nagBACD	bgr_fliE	bgr_serT	bgr_gyrA	bgr_rcsAB	bgr_entCEBA	bgr_cyoABCDE	bgr_araC	bgr_icdA
lon	0.0	0.35265903651392855	0.10080465711812846	0.16108015118670374	0.19101555406124981	0.0	0.11628183416687426	0.11861294036249	0.0945858891425079	0.0	0.016604537923948108	0.21055577193807548	0.21130612314068237	0.0	0.0	0.03346978693514849	0.059960262122826784	0.018681795960601738	0.0	0.0	0.34499539094742204	0.03440975056068929	0.07220822698292297	0.0	0.05859485349764531	0.04656033012763756	0.03267375190351726	0.0	0.0	0.3220945397547941	0.0	0.028100377440654672	0.16562912945516162	0.03508473287242666	0.008266040168680518	0.0	0.06621404967990538	0.0	0.0	0.17434165109964067	0.0	0.0	0.06837231228550995	0.0	0.0	0.0	0.11384644848486467	0.010267067720437742	0.06739663711787042	0.05289422967962142	0.0	0.3455053444407515	0.01391323173829796	0.0	0.0	0.14656258828890942	0.0	0.0	0.08327652128634082	0.0	0.0	0.14986484214340676	0.07067752178078975	0.11697979056149453	0.0	0.0	0.0	0.0	0.0005184516961860368	0.010072918884560682	0.16568875899701951	0.0	0.017676296641303754	0.008508417932593961	0.0	0.0	0.09468482171526117	0.030005454019099757	0.0	0.0	0.18026187742265298	0.3960813900247545	0.0	0.2678379633815499	0.0	0.372035518049093	0.05394483239027756	0.04341536920208565	0.0	0.0	0.23331707279981032	0.0	0.0	0.006576715600211826	0.0	0.010297854919787767	0.08344434234947312	0.1091323613274127	0.0	0.0	0.0	0.02181704483616628	0.00034441680054810047	0.0	0.04913657129189336	0.0	0.0	0.05371372107782185	0.0740400298685833	0.03913332627336184	0.0	0.0	0.03069924402180049	0.0	0.08094052924647772	0.0	0.0	0.03310117147839156	0.0	0.0	0.0	0.07796760161998842	0.06876655280725269	0.0	0.014575077431877087	0.0	0.053555509187318134	0.030704541640862556	0.0	0.0	0.0	0.14981814077682556	0.10933431259205532	0.036751948151856624	0.0	0.013717676644590414	0.05856969928787221	0.02020206809191053	0.0	0.0	0.0	0.0	0.0	0.046756205075942886	0.12452368469069755	0.04705980232680372	0.0	0.007836167359616153	0.07962370226976583	0.10139758959379892	0.0	0.2887169146636185	0.0	0.08467578178162943	0.0	0.005784757795345293	0.15080665895911918	0.0	0.09193011236806196	0.0	0.10589732378789712	0.026137660035356388	0.0	0.1211034988704635	0.0	0.0	0.09162366189867646	0.0	0.074940248625651	0.020704485427885985	0.0	0.0	0.0	0.01676537776042089	0.14396371570769287	0.05857494223390943	0.0	0.0	0.0	0.049678366484040316	0.07196014118488844	0.07427349693606895	0.16720630077657755	0.0	0.0	0.006704875091839379	0.031335719538734944	0.0	0.0	0.00598409498510357	0.0	0.0	0.18425740919318775	0.018558578880634648	0.06495666791414605	0.0	0.0	0.0	0.0	0.05769753182554806
rpoH	0.35265903651392855	0.0	0.29451667196846515	0.28535618841079435	0.2970563450842342	0.1423403251332919	0.14428717461847015	0.14505748684814732	0.17380941747384662	0.0	0.0	0.4438301782101082	0.14440318973961383	0.0	0.0	0.06260631905442562	0.0	0.004895016534087722	0.0068782457129256255	0.0	0.14042441886969959	0.0	0.0	0.0	0.16306597710048304	0.007606363240511973	0.027479784739944963	0.0	0.0049227463164059175	0.35466048784236304	0.0073462099854380725	0.03884287842441371	0.0	0.0	0.0	0.0	0.0	0.05496869099431989	0.0	0.17904567324642295	0.0010142183106407927	0.0645566684069228	0.0	0.0	0.029060327274409603	0.0	0.027238484913065023	0.0	0.0	0.03958838196252072	0.0	0.3397646506278762	0.0	0.0	0.0	0.10911887193950004	0.0	0.02215427369922911	0.07004466712971666	0.07543676538637291	0.0986479518737408	0.24445907458269198	0.0	0.0	0.0	0.0013311525982647573	0.0	0.07202654109979405	0.13338464647833903	0.0	0.0	0.0	0.0	0.043787246054443625	0.034133584863455316	0.025975685901392077	0.0975199174599301	0.05096377574954514	0.03343617692155106	0.10841723794736999	0.007913366658909935	0.25495252098504606	0.0	0.3550371491290441	0.008257100638494498	0.264755046549404	0.0	0.016352300394426842	0.0	0.0	0.15548409809112224	0.04368010087160972	0.0	0.04038470047353602	0.0	0.07783904288540776	0.019651851828758907	0.21942172804216764	0.0	0.01613438172537508	0.0	0.0	0.0	0.0	0.0	0.023323042562693	0.0	0.0	0.0	0.10045962880935458	0.014177346424121471	0.0	0.16742715960829294	0.10693623933839914	0.027708452192625452	0.008531681733324257	0.0	0.14441454596025852	0.13967431615215323	0.06359177824371975	0.00417178376703998	0.0	0.0	0.0	0.0	0.0	0.09747258566888127	0.03318685683097166	0.07834873036590614	0.0	0.0001398251209175932	0.15861032679651316	0.09071043722386016	0.0	0.0	0.0	0.0	0.0	0.0	0.0	0.0	0.0	0.07187977273103727	0.0	0.08665307329192883	0.12213902351322668	0.0	0.0925296094563804	0.0	0.07943826495421319	0.07838821079701823	0.13755279767687528	0.0	0.0217907577321265	0.0	0.0	0.1540702678697942	0.023368724634941943	0.03439978158231877	0.037582847406539534	0.017697107365268062	0.017437106496499908	0.0	0.004133972144045624	0.022232885306455615	0.06969233143076235	0.2002773858991372	0.0	0.060864908273297255	0.0	0.0	0.0	0.03934963009270198	0.0	0.0	0.0	0.0	0.12550287742407243	0.0	0.08826996205848255	0.10051772076251418	0.11795939856495369	0.0914544747957976	0.01859744021375757	0.0	0.0	0.0	0.0	0.17582850483292053	0.0	0.09087114909547127	0.1289235833971782	0.03666512901218781	0.1064026586825273	0.003848705770850483	0.0	0.0	0.03976059285588762	0.09448502778091032	0.0
mopA	0.10080465711812846	0.29451667196846515	0.0	0.24673618108048662	0.10093643507149867	0.3268935257298552	0.0031290476373097755	0.03441954204293646	0.1217759089723319	0.05417494720198381	0.08162072198122845	0.08676917043277604	0.13881009155229884	0.07192018852718825	0.014186357461547882	0.0	0.0	0.03847060350471253	0.04560405316522107	0.0	0.011263987009707974	0.048973518704430445	0.006590847862003748	0.12440786892926758	0.04791739496770183	0.06662453148237499	0.0	0.1740657491236549	0.0	0.13030637876827375	0.0	0.011794543030027508	0.0866292820079749	0.0	0.0	0.027736358276235735	0.012983184401186095	0.09832637256487287	0.08375016143247414	0.12378782023622543	0.0	0.05512980251215448	0.025398393892582045	0.0	0.01452483700939454	0.0	0.19676309857156804	0.0	0.09419190635612314	0.0	0.006460544423818255	0.3148072552456812	0.0	0.0	0.0	0.03754194630971542	0.0	0.03655280723821182	0.0	0.0	0.0	0.024281230371376864	0.05234252455326206	0.06181905878550823	0.12234086647543756	0.027263218902181655	0.0	0.0	0.0	0.0	0.10942560553277425	0.0	0.01479413553579429	0.0	0.0	0.23917326992162716	0.0	0.06570562844833988	0.0	0.0	0.16822426502847174	0.15353022090535165	0.0	0.2120900827388692	0.06616185855886707	0.26791418742566386	0.20073394586564178	0.0	0.07420157703904384	0.06416050742493337	0.0031094429450085896	0.07655552923203528	0.0	0.006149350623020365	0.0	0.0	0.0	0.16337215232360006	0.0	0.016961082883899053	0.059664672800968786	0.0	0.030214540919030915	0.018639555673330328	0.0	0.0	0.0024130753505038635	0.0	0.0	0.1447934088767545	0.0	0.0	0.0	0.0	0.010362485641876204	0.14722018598292294	0.0	0.0	0.0	0.007084022440374317	0.0	0.0	0.0	0.0	0.0	0.03460443248785126	0.0	0.0	0.0	0.0	0.0	0.0	0.0	0.0	0.0626853456140544	0.23910995190596201	0.0	0.05098910237428071	0.11973680031763806	0.007348489308858413	0.0	0.0	0.041838051688914385	0.0	0.03807946483109348	0.0	0.03936495088342357	0.0	0.009673316150442444	0.13520112728397587	0.18996736266115724	0.0	0.0	0.07349544394356966	0.0829310254382138	0.0	0.032093680857597555	0.0	0.0	0.0036081542928763114	0.0	0.07361025422149803	0.0	0.0	0.009902285934683695	0.011082299077497098	0.05112485443995501	0.027664210124459798	0.0	0.1288024018398067	0.0	0.0	0.0	0.0	0.09478333871609826	0.0	0.2044521253765727	0.0	0.004470863239516668	0.0	0.0	0.08101679064951287	0.02893358425583146	0.016680253645302786	0.0	0.09837960997672573	0.04553605964812334	0.0	0.0	0.0	0.13933494200580182	0.0	0.0	0.0	0.016882893282346448	0.07005353583928353	0.0	0.0	0.0	0.0
htpG	0.16108015118670374	0.28535618841079435	0.24673618108048662	0.0	0.0991314235789455	0.24046064392289318	0.0913075418827255	0.0	0.0957489948311779	0.09890493601730269	0.15461639096573082	0.13082345664096243	0.0	0.1329032914861622	0.0	0.0667711570745831	0.00442812486881451	0.05006486968287401	0.02878634384512399	0.0	0.10119572320744527	0.0	0.14790865876887024	0.0	0.0	0.07279439512644255	0.0615344683754932	0.014239710938977997	0.08147227165231992	0.2073833061802655	0.0	0.013732187844518209	0.05476799947573128	0.0	0.0	0.06431187673041726	0.05989273583916976	0.11600733713313915	0.14460731035579222	0.13185308727601736	0.029796699845943436	0.06288494411021148	0.0424240831644363	0.03861957328240628	0.0	0.09147599682683567	0.0	0.09780153378210649	0.02066692258048612	0.08408878205505388	0.056649445878418456	0.34833190623999843	0.0	0.06917789539529969	0.0	0.0	0.046120158434215505	0.0	0.03471623211661564	0.0	0.012351482448860487	0.0	0.062105508053052046	0.027526621266440378	0.07024196900682865	0.03525255012257753	0.0357614389009181	0.01101606669661545	0.0	0.0	0.10148332795045883	0.005510516786410181	0.048398214666031496	0.01519409704071038	0.046950474725008004	0.06198723999771397	0.05913254136686283	0.0	0.03505157386713619	0.0	0.18828504052528364	0.1981328305453642	0.09132185589113449	0.3035514017864097	0.07408035317039303	0.28103907336629863	0.012675491412314001	0.10259180197994669	0.1174068766410398	0.046123422466049196	0.011460474135709523	0.0	0.0	0.034129942238196605	0.026241249194889297	0.14564000169836902	0.0	0.0	0.018510483931235982	0.0	0.059345062878737344	0.0	0.0	0.011947549806993599	0.0	0.0	0.07919208792673034	0.02776348494710843	0.05199195351228566	0.008865918181682505	0.0	0.0003114929468213689	0.11052605598971794	0.12750317935487845	0.10018220284624824	0.0	0.0	0.027006783114085657	0.0	0.0	0.0	0.0	0.12030753551702629	0.0	0.0	0.060664567214166375	0.0	0.14191752349127665	0.0	0.06151506481080465	0.016318754026443727	0.046701836572269256	0.0	0.12320743951894504	0.0	0.04509653794205536	0.023431034427186814	0.11469398937829166	0.08602408681441591	0.06008921640191269	0.0	0.13768726866354064	0.04002313966892117	0.021730689932467566	0.08037410744509624	0.0	0.08342597209448396	0.04168181707651646	0.0034037261441767983	0.08861834334514342	0.05572793294373524	0.013550260122068298	0.1813498677492728	0.0	0.033952315849639286	0.038964288974691674	0.0	0.0	0.027751764093432295	0.0	0.028638244626126522	0.0	0.03147433379228523	0.04663427713292849	0.0	0.041528808950430804	0.09131742180900304	0.0	0.20541877830825947	0.052879970278905945	0.0	0.0	0.0	0.0	0.10368973843792369	0.0	0.1063086514951319	0.0	0.0	0.0	0.0	0.01800263662709828	0.10709032887279353	0.008998330092990852	0.16679690113335693	0.12201731556358414	0.0	0.0	0.09538007832242677	0.0	0.19963189614299975	0.07125897758034655	0.05459838108414324	0.13611516527945827	0.18845476309830408	0.10464513553905727	0.0681268038863685	0.03431561452084032	0.004797744316038124	0.0
rpoE_rseABC	0.19101555406124981	0.2970563450842342	0.10093643507149867	0.0991314235789455	0.0	0.0	0.48030937280072017	0.329314086879792	0.3999406544193782	0.01099678293645876	0.023256035039045445	0.1362967149841782	0.5183465898820392	0.0	0.0	0.05141542397793261	0.03959703024562027	0.060479074659562856	0.012551842679817909	0.0	0.19668381126397302	0.0	0.0	0.01699572086375967	0.32521884270858986	0.010937079083190242	0.03429535170535949	0.039328897146423916	0.05522687927198082	0.20042148050615896	0.0	0.0038560059349141335	0.4164774344606781	0.014233439090027972	0.0	0.037975394193874856	0.0	0.0	0.023801402232634272	0.07719058828261087	0.0	0.0	0.0	0.0	0.0	0.015146304478024567	0.08606478564942138	0.0	0.06404579570045597	0.0	0.0	0.1519732777886364	0.0	0.0	0.0	0.4930288925599343	0.0	0.0	0.0	0.0	0.07464424036701069	0.3224972599834884	0.036765572192693365	0.02429455419832697	0.011045341928285884	0.0	0.05304860803276132	0.0009152469962503256	0.0	0.0	0.0541370726707923	0.002782743123314032	0.054214787023855536	0.08379160328310548	0.017428096057414858	0.0	0.0	0.13567211958706632	0.004644802610417009	0.05148506436113359	0.0	0.0906658883584611	0.0	0.1907390547846977	0.05211022741482041	0.15068569892708708	0.030851395172413802	0.0	0.0	0.0	0.31358857402605117	0.0	0.0	0.018416171204014783	0.0	0.0	0.0	0.39850780721263146	0.0	0.0	0.17503147379791714	0.128399657397401	0.042096046705321494	0.11334652649197889	0.1192991976044751	0.11477095953641418	0.05282325332039166	0.052859591551408555	0.0	0.013453128391132795	0.07398407936223761	0.0	0.0	0.0	0.18101546591097406	0.0	0.07822530201848472	0.05587250247092032	0.0	0.09688957746095976	0.19473119206324058	0.0	0.18431252093544	0.0	0.023896892416172853	0.0	0.0	0.0	0.0	0.0	0.06228204447744032	0.01590979159626039	0.0	0.0	0.0	0.055509665274453585	0.0	0.0	0.0	0.053946415352649664	0.0	0.08941113179663068	0.0	0.0	0.06634934174627555	0.18312842557480383	0.0	0.06578220926008037	0.09707771171924781	0.0	0.0	0.18162969948729094	0.04170250989957758	0.0	0.0	0.04096794382293516	0.044620450049042824	0.0	0.001355000877320599	0.0	0.0	0.0	0.0	0.07305460249031352	0.21388737351323558	0.0	0.05694826356339108	0.0	0.021432796868919097	0.0	0.04637236435472418	0.0	0.0	0.14358843682936814	0.07556610523026536	0.12338799818563738	0.09880982310110463	0.0	0.0	0.0	0.0	0.007346889285177263	0.0	0.061986388913924405	0.10232705618331264	0.0	0.0	0.0012988680995807468	0.0	0.03839069671766464	0.03863520988883786	0.07554450142437888	0.12492032738197763	0.0	0.0	0.07170521558522469	0.0	0.05033307933999482	0.04978918915275528	0.08097248270633221
ibpAB	0.0	0.1423403251332919	0.3268935257298552	0.24046064392289318	0.0	0.0	0.08668438374510205	0.07145590982364577	0.09282485026661477	0.053257267019060875	0.023243318041412914	0.20590340026621	0.0	0.1514456054796163	0.059050580689156064	0.0	0.0	0.003923507245192351	0.08503977298711811	0.1346577055149613	0.05281421938010217	0.0731306270170769	0.0	0.1555726693719123	0.08403417184871617	0.055160216790754404	0.06852429689787634	0.0510421140281752	0.14474891460847855	0.16754453017196397	0.0	0.11736605739542533	0.08319301709974393	0.0377336758521541	0.0	0.037370365479759575	0.002615114319825316	0.07480437106991211	0.08197498485008695	0.12581619135397176	0.033671202528889194	0.0	0.07441707636675396	0.0	0.0	0.0	0.3692035978165487	0.0	0.0	0.0844640594323543	0.06755441967244104	0.1547602007610075	0.0	0.08853980286400334	0.03246271130155088	0.07515463011207443	0.0	0.0	0.0	0.0	0.0	0.0022972697434411066	0.05805514869670132	0.0	0.09217034940805437	0.1127437110912175	0.0	0.03212146127106059	0.02990316866971097	0.032517507109176426	0.15211603182040637	0.01980957264942467	0.0	0.0	0.10937679464782177	0.0	0.02421951429020565	0.09569687842334369	0.014008393021717361	0.004247764473870976	0.07170969720947531	0.2398593305870925	0.0	0.3987892741413892	0.03945910712660518	0.15678317703009706	0.0	0.0	0.04824518619344237	0.0	0.05607904040122842	0.036323339629502176	0.07076577590898282	0.0	0.0	0.04953432389810693	0.0	0.15809582359777163	0.08953845181271496	0.0	0.0	0.009607306988574751	0.0	0.0	0.047665493660702225	0.06752082434463061	0.0	0.0	0.0	0.13534054378158922	0.12905554798401456	0.0	0.0	0.1066584887384869	0.01597395006219234	0.026278405997706648	0.0	0.0	0.0	0.09341030504929224	0.19577938133269365	0.0	0.05345795773507136	0.0	0.0	0.0	0.0	0.0	0.0	0.0	0.0	0.0	0.02057038857964096	0.0	0.05731389487760578	0.258121292339544	0.0	0.0	0.0	0.0	0.0	0.03151194838520703	0.04407507474376659	0.0	0.0	0.13692644694429826	0.0	0.023631725652243606	0.004633116222586533	0.0	0.0	0.0	0.0494064263879577	0.0	0.0	0.10118832931307031	0.0	0.18537719867875546	0.11870563483423474	0.0919378944372297	0.0	0.06222795131667894	0.05717523277682776	0.0	0.0	0.0	0.0	0.0	0.024295989515911092	0.015849351389359057	0.07144079596336612	0.0	0.028483043722116685	0.0	0.12609622850977648	0.0	0.007837779651941452	0.06805063601817735	0.09954171988213734	0.0	0.0	0.0	0.0	0.034504049412958246	0.00638002641589735	0.0	0.0	0.022975287556861648	0.0	0.0	0.0019402879328999471	0.0	0.05828680509685153	0.0712630540877862	0.0	0.0	0.0	0.02884548395434502	0.0	0.0
ecfABC	0.11628183416687426	0.14428717461847015	0.0031290476373097755	0.0913075418827255	0.48030937280072017	0.08668438374510205	0.0	0.2698764115703147	0.2916826576710836	0.0	0.0	0.14393430242320082	0.42045388146119533	0.0	0.0	0.0	0.03483406986242504	0.02947150355605576	0.04223394950118731	0.0	0.14743705504581262	0.005394704820741166	0.006244475992563999	0.05164218258882875	0.25519447517632804	0.0	0.022911520849698403	0.0	0.0	0.12461309393692051	0.04807490399145253	0.08400165802921347	0.32700233863923256	0.0	0.053510486584227045	0.0	0.0	0.010480156071231251	0.0	0.006803524371258421	0.0	0.03936835584633965	0.0	0.0	0.0	0.023149064803707573	0.0	0.04383614948812392	0.043715126136860696	0.04520648583468003	0.0	0.1631497244557979	0.020309719362132956	0.011855930165287536	0.0	0.4080492670282626	0.0	0.0	0.0	0.0	0.020817056566738847	0.21298616042860938	0.0	0.030909781909555317	0.0	0.0	0.0	0.0	0.05961602106587541	0.0	0.04040256534988998	0.0	0.0	0.0281988389226598	0.011157532538606234	0.0	0.022280960820422004	0.029649357886679144	0.0	0.2435909696546817	0.0	0.15197262463028582	0.041811610733612135	0.165490725997621	0.003751524820581429	0.16526462007568318	0.06610887165786067	0.032054309860159065	0.0	0.03468757387183558	0.31723168271176816	0.0010972741494638925	0.0	0.012872875858450619	0.0	0.04479452705274552	0.056011273759711766	0.4571593296591754	0.03321769719965797	0.10303847034629668	0.009757262062737242	0.06969887822944348	0.0	0.0	0.0	0.0	0.0	0.0	0.024866941700380844	0.009255181633257304	0.0	0.0	0.0	0.1422526707194077	0.006707550418952752	0.0	0.0	0.0	0.0	0.018601979911362396	0.06343791574787444	0.003859129258547804	0.009427893812679085	0.0	0.0	0.0	0.09184163664673173	0.0	0.0	0.0	0.0013299600300868554	0.08213964474130836	0.03670638474334898	0.023255290320350383	0.0	0.0	0.12429363452967025	0.0	0.08587691991860746	0.0	0.0	0.17760259586146024	0.0	0.0	0.0	0.02521310845678736	0.0	0.0	0.0	0.08354134211103874	0.0	0.03178768447015753	0.0	0.0	0.0	0.09629652003047558	0.0	0.0	0.12259532998718078	0.018300075649398655	0.0	0.0	0.0	0.009912811898709585	0.0	0.0	0.0	0.0	0.015095618418432323	0.135286122973372	0.0	0.0	0.0	0.0	0.12254345937476764	0.02895101691263321	0.0	0.0	0.0	0.0	0.0	0.10063191238075171	0.06999290365652501	0.0018108857689966363	0.0015433121647735245	0.0	0.07703127036417746	0.0	0.0	0.0	0.11351940411792551	0.0	0.0	0.06712060304789422	0.04308443129335405	0.07998307819111003	0.0	0.0	0.0	0.0
ecfH	0.11861294036249	0.14505748684814732	0.03441954204293646	0.0	0.329314086879792	0.07145590982364577	0.2698764115703147	0.0	0.5690937562166617	0.04737300490593795	0.0	0.20056989313695658	0.3359794644884509	0.0	0.0	0.0	0.0	0.05518429106508881	0.06943802070956996	0.0	0.26440545772624013	0.0	0.007456378803734865	0.0	0.3822795038546035	0.007184795196203256	0.0	0.0	0.0	0.1734893880499817	0.02515550727949343	0.0	0.2797448345026519	0.003866232709226895	0.013674674448361863	0.0	0.0	0.0	0.0	0.031418847783140726	0.0	0.025295024228618172	0.0	0.0	0.0	0.02289263683201701	0.11302503734290734	0.0	0.0	0.034883517409985146	0.0	0.05913403981794695	0.0	0.0	0.0	0.38627910286642414	0.01927215169090395	0.10269061734666537	0.0531428868100436	0.0	0.10539427518519362	0.49057923708757156	0.03801445868111445	0.035600391034653005	0.031746457633403974	0.0	0.010847575967939746	0.0	0.0	0.0	0.007366787766848535	0.0	0.0	0.0	0.0	0.0	0.01844150686159032	0.010900702563006563	0.0	0.0	0.0	0.13731807584297273	0.04114564596969415	0.05922356601176747	0.013044442405891279	0.20336501763729753	0.0	0.0	0.0	0.027633322138153803	0.2774820790039349	0.0	0.0	0.0	0.0	0.0	0.005237152524532663	0.40182377635144023	0.005488348048943552	0.04082325589412468	0.0	0.0	0.0	0.0	0.0	0.04014566839598085	0.0	0.008965151621577204	0.0	0.0	0.0	0.0	0.0	0.015759382546968837	0.0	0.0	0.0	0.0	0.0	0.038540389968877126	0.023465003631067245	0.0	0.0	0.0	0.0	0.0	0.02905118212291303	0.05306489005792376	0.006521127795563152	0.0	0.0	0.0	0.0	0.004652719147060409	0.0	0.0	0.0	0.0	0.0	0.007037874086002623	0.0	0.0	0.0	0.0016138095120697097	0.03599180474310539	0.02043252076029139	0.0	0.0	0.0	0.0	0.0	0.021212466602567117	0.049256479751705794	0.0	0.0	0.006284060700481763	0.0	0.0	0.023719762381234504	0.0	0.0	0.0	0.0	0.0033943158639764483	0.0	0.0	0.0	0.0	0.0	0.0	0.0	0.04346815264471443	0.0	0.0	0.0	0.0	0.0	0.0	0.0	0.0	0.0	0.0	0.0	0.0	0.0	0.02645757415223622	0.0	0.0	0.0	0.0	0.0	0.0	0.03681170272021756	0.0	0.0	0.0	0.0	0.0	0.04931668084427152	0.0
fkpA	0.0945858891425079	0.17380941747384662	0.1217759089723319	0.0957489948311779	0.3999406544193782	0.09282485026661477	0.2916826576710836	0.5690937562166617	0.0	0.006123518197042888	0.05208918645196357	0.2493186529296517	0.36802097712604215	0.0	0.0	0.023761765108026717	0.0	0.020312334818650024	0.0567143656857081	0.0569786118124926	0.0862876807162261	0.0	0.0	0.08210502833667192	0.5332971084969526	0.0	0.05607838606911097	0.025351071927868986	0.03472036346824434	0.17136848098267252	0.0	0.023976261940303233	0.3647523717258347	0.0	0.0828638705240674	0.05885033957062259	0.0	0.006322157791674252	0.024617235779475586	0.14529251290609566	0.0	0.018593881978524733	0.0	0.0	0.0	0.012836831012479752	0.06892524988852543	0.0	0.013807917218924144	0.021136021675030436	0.0	0.11706346346971505	0.0	0.0	0.026475913871707526	0.3854656884944138	0.08097027187446779	0.0	0.0	0.0	0.15550004428547834	0.7940775550216653	0.0	0.0	0.057731481550334744	0.0	0.07742671199581876	0.06809635138722221	0.08741752648785386	0.0105235843436146	0.005292477225180632	0.03241436366556455	0.059340346277228416	0.0	0.0	0.023345178725133357	0.04163839468634409	0.016037211877367	0.0	0.07641940901203466	0.05889558706396849	0.18741129252528724	0.056084824967119605	0.12388195599169015	0.012864815317020599	0.11479381348105919	0.0	0.0	0.0	0.0	0.35626938717216283	0.022235785591549043	0.0	0.0	0.0	0.07173934615813023	0.019116815070342966	0.4169815617264419	0.0	0.03732181266906199	0.0	0.04513730283277461	0.030688287965074546	0.02948416218195192	0.0008450288046373635	0.1289125442793631	0.0	0.0	0.0	0.09937140415230537	0.0	0.0	0.14063623883369428	0.020842680070878552	0.0	0.0	0.0	0.028224354368293247	0.0	0.0	0.058902376523855854	0.08339167255921112	0.13740884279854976	0.006320916808639469	0.0	0.006269043233564915	0.11278007871875893	0.0	0.0	0.06758020277946437	0.0	0.0	0.0	0.0	0.0	0.0	0.0	0.023207731547367924	0.0	0.0	0.0368926687669696	0.0	0.0	0.1410143449953795	0.13885318503680663	0.2884356639694114	0.008801037985690147	0.0017595252894063837	0.0	0.0	0.0	0.023714010068522116	0.0903808003043104	0.0	0.0	0.07227896566248038	0.032615157105428595	0.0	0.061324991144283886	0.0	0.0	0.0	0.0	0.0052771401050993455	0.0868428046121385	0.0	0.0	0.0	0.07112114255328195	0.04180739008578355	0.050145781644823834	0.0	0.0	0.0	0.04609306975437989	0.0	0.0	0.0	0.0	0.04305091706840319	0.0	0.0036573294512730853	0.0	0.0	0.0	0.0	0.0	0.0	0.0	0.0	0.07438856427988183	0.0	0.01634424991808607	0.13989472744797185	0.0	0.0	0.0	0.016295725064451157	0.08009910128429541	0.030303285084798907
crp	0.0	0.0	0.05417494720198381	0.09890493601730269	0.01099678293645876	0.053257267019060875	0.0	0.04737300490593795	0.006123518197042888	0.0	0.21202387348938906	0.044706201497164574	0.05833208039517618	0.13218360970205614	0.15532732853403822	0.05678549717145586	0.20197654473494486	0.2737920433000334	0.22646494725242694	0.18076219632146912	0.043963314903816275	0.16617495089657236	0.25959242386661435	0.08858775989893636	0.07522087870799885	0.24582226591612003	0.2833889556761983	0.19344946353596884	0.2580192775752793	0.0	0.29488384113684646	0.24495531388975195	0.05534625090657786	0.18374323090496972	0.004451405628114829	0.1900944595577021	0.0	0.17279359705010197	0.26803371102270956	0.04715478097453897	0.20688850180770588	0.2004505285902209	0.1694063693965066	0.13567165630199032	0.108242165830518	0.2494007951843942	0.10132204668170051	0.03996235619993461	0.29381026249178865	0.23452468905377954	0.0868768641687784	0.03621814853129992	0.08595800266263663	0.20796963872493585	0.007216559892724829	0.010968143432886547	0.27891459137674496	0.0019166939889242922	0.0780794903641501	0.1777706753132806	0.042512397845958345	0.038419420984661695	0.24323100795215682	0.04373168592121289	0.1905361919111789	0.15310654049847133	0.1264638658229206	0.18360724368945872	0.0	0.15966941156116055	0.1567876572788568	0.329451756739807	0.0	0.12125565845418826	0.2856484013404084	0.103475730948459	0.2316872378052867	0.10887183115908566	0.28214266524299336	0.0	0.05243677264304893	0.05884687117643805	0.2394573255246655	0.0	0.32654842586040844	0.04102074378805733	0.05538424908295294	0.28727165907441354	0.20081259085588418	0.09356102037945838	0.0	0.0	0.0	0.05185806811301014	0.21253192710225427	0.0	0.06719340155199552	0.016497380651534506	0.26636587392889943	0.044107923510592235	0.0	0.0	0.01099686553545564	0.0	0.10746551718797188	0.0	0.028152936178794913	0.11247081401376045	0.0	0.0	0.06512238938759994	0.07457352331077345	0.10635556370821474	0.0	0.006401291592606565	0.17822987270547694	0.009860444870939691	0.016540298303097133	0.07761723585930273	0.21545732331898265	0.08030109291354944	0.0807134705860598	0.0	0.09113087511859883	0.07277345244185696	0.0	0.0	0.15645090857959712	0.13662578618534799	0.0	0.08336705569179567	0.0	0.16461575263708383	0.1660720393632844	0.15727752982437038	0.12879723091729553	0.0	0.050192778607377	0.0	0.16784708591939942	0.10847794184400361	0.0	0.0	0.005318120556127477	0.13936605862332163	0.04694216082382356	0.08806669699276645	0.0	0.0	0.0	0.03312742372895879	0.1297227412469734	0.0	0.16878179902406562	0.051791562819736306	0.03706132986613112	0.0029098530706854024	0.03678948651733054	0.020654629266242473	0.01053514282628904	0.0	0.0	0.0	0.051383731088902936	0.0	0.20016332190026012	0.08776446312447718	0.09630898401122946	0.0	0.04393097289648962	0.007602890788998186	0.05454548209588397	0.06771672658886643	0.09274628959597407	0.15853600410412277	0.08229787104896767	0.06088164728772255	0.04847703347239716	0.028539282784108562	0.17923812805145184	0.10549210390302814	0.04517085762601367	0.0	0.1281949732866003	0.1027062296440846	0.018757359593167502	0.0	0.0	0.0840566960957826	0.0	0.013087763246765386	0.0	0.020601727996517657	0.06611913121356587	0.14620545671785345	0.0	0.03414031831586507	0.11109154887136126	0.06679576290766095	0.11254828406864856
araE	0.016604537923948108	0.0	0.08162072198122845	0.15461639096573082	0.023256035039045445	0.023243318041412914	0.0	0.0	0.05208918645196357	0.21202387348938906	0.0	0.19733215244241764	0.0	0.2032950651258302	0.13549754103295011	0.18921218381286287	0.25318585696796975	0.28967301194175815	0.250161098693503	0.2447027267673405	0.0	0.216971517591024	0.27126256306894087	0.15542647376873545	0.052036207721823165	0.2504248974165608	0.2170689611422854	0.16836047296668788	0.236670203993634	0.07568511682240477	0.23518524268418659	0.1947994402244577	0.02569429979365331	0.15569659391684407	0.0	0.17713466991868274	0.14387202737227475	0.2046523183220801	0.25568461119640845	0.09021132500373946	0.1398992215235628	0.21670154687781726	0.14455498590053878	0.18238495151594455	0.07896778107709114	0.2396778447349471	0.0	0.04691847785384999	0.17506718808519803	0.27640605475502306	0.08131807560030639	0.04359545299704071	0.04748435831036389	0.18868924469983286	0.09882603724679707	0.023614760373778836	0.1981733170755642	0.0	0.09479733603878929	0.14322362991084017	0.17744842453158044	0.04150307451713	0.2597081747291037	0.1300864022070353	0.190929837166422	0.20133009323341713	0.09327282846838267	0.2285302381415712	0.07539488708778391	0.1326422337507085	0.1916794991546323	0.16792974067069813	0.031868572980805344	0.07134179529049009	0.2265696908446424	0.0	0.3350304621622992	0.04120552343380884	0.13124844411304448	0.0	0.11988615221199564	0.0	0.23021192384664518	0.09004097947477264	0.2254299255846983	0.0	0.0	0.24801932962184411	0.18847039277657593	0.1529361491270975	0.02219810646635545	0.0	0.026124432244362526	0.07564907649877974	0.22956117409412966	0.0	0.07438597413822501	0.03568810282507264	0.24338088300213645	0.12504878671870204	0.04240894628484734	0.11134314868346033	0.08181489501930475	0.03891318980942279	0.012859648927745103	0.0	0.13010018774024928	0.09124687150895644	0.1981960132399694	0.0	0.0009249133928063187	0.17940292858978757	0.06495978560288582	0.07450934714251041	0.0745497036216181	0.18575172267032747	0.1450755306932399	0.0	0.022035588274947695	0.0722332680595093	0.0	0.03862417969011231	0.0	0.054225484230685655	0.030198153832358285	0.0	0.07292888722382201	0.07373186057035072	0.08248627376231316	0.0	0.03845655346065409	0.052981089725470616	0.0560578295291907	0.14272992037574844	0.05971780491037675	0.08557606084408358	0.0018959061220071738	0.012397752493596354	0.0	0.12169981896239325	0.1039074889065058	0.17361406628820494	0.0	0.04364541301526828	0.0	0.057862852884870405	0.11467576112998012	0.0450121747248702	0.10119437897194257	0.0	0.006806758541485066	0.05111027748458604	0.07335975392100147	0.0	0.058331855653315355	0.0	0.2997757962294779	0.11830825430182024	0.0	0.10486224634433475	0.03141519293086787	0.0	0.04651682908322855	0.0	0.009858819188471814	0.04598837199724883	0.0	0.016061041306231538	0.004680325513822864	0.0	0.009526133266999677	0.16837623984570463	0.007222195829116243	0.06045597932444641	0.0	0.0	0.10220301301723062	0.0	0.04525205389292176	0.0574093149576217	0.20736740687637567	0.0	0.0	0.08437831289131602	0.08455140328478283	0.0	0.07127252932812185	0.04262071538958264	0.04028637704030482	0.08897399167347526	0.004867840777117931	0.18377765627630696	0.012430176401796313	0.0	0.015825213067297176	0.0	0.0	0.12044211330741088	0.1450866364429383	0.02486801281986492
xprB_dsbC_recJ	0.21055577193807548	0.4438301782101082	0.08676917043277604	0.13082345664096243	0.1362967149841782	0.20590340026621	0.14393430242320082	0.20056989313695658	0.2493186529296517	0.044706201497164574	0.19733215244241764	0.0	0.17510775178235152	0.13116426162651793	0.0	0.0	0.0	0.033704648100239244	0.025999578473209488	0.01977651426013178	0.2481266714627915	0.04176001058696768	0.0518090738378183	0.0	0.14116286539428113	0.08235982243809337	0.07848441521376179	0.08942861149750816	0.09361831809976741	0.17168674154680577	0.12899739928808954	0.01739430240667673	0.1327913757388681	0.019098152059568548	0.041108306729039285	0.0	0.0	0.03042047842390548	0.0	0.21115085964328473	0.07573929176213776	0.10262534282032872	0.0	0.013788038553524357	0.0	0.07916603356655222	0.0	0.07580721445616202	0.2179433126423808	0.0	0.0	0.19202306934581811	0.0	0.0	0.05975652087082641	0.19224711256705868	0.028784535265686882	0.020954247863472348	0.0	0.05327608987167528	0.03285232577695514	0.12257568763418597	0.03003585344966854	0.06460827946808287	0.0	0.0	0.07187003515778548	0.03790306984842355	0.04967031263175423	0.026145229410364422	0.0	0.06844183932754523	0.0	0.0	0.0	0.0	0.09858011545485687	0.013118146057166753	0.08399648977766207	0.06952848833331193	0.048867628391468035	0.19179702691780895	0.04687213161812131	0.303413518677639	0.0	0.051986619902080006	0.023954161791277195	0.0	0.00033935354081741546	0.0	0.11176704228803443	0.0	0.0	0.0	0.0	0.11791696787400932	0.0	0.15206686325265578	0.004795182383951649	0.0	0.01365613014142868	0.005581843999899868	0.026129552474839026	0.013595727154161463	0.027519953918730508	0.07559148903187458	0.011682013476104178	0.048680210365796346	0.18870064169341177	0.0	0.08096291716770364	0.0	0.020762124426466622	0.11630015177848907	0.012078108696059485	0.0	0.01911370460776359	0.2390069689066015	0.06512689091378213	0.0	0.0	0.11592816327728474	0.007927830774734116	0.005399931966363372	0.03199484128743644	0.0	0.1541466839853145	0.0	0.0	0.0	0.0672048660646517	0.08856369262969614	0.18666242359817986	0.0	0.0	0.0	0.0	0.0	0.0	0.0	0.08833931285107297	0.0	0.12841533694048793	0.06206057246315816	0.04927133977203443	0.11036838764575892	0.0	0.061451542361896636	0.04349552973839957	0.082687321077848	0.06146360016100143	0.06174948858257237	0.08213574331925569	0.0	0.10212677608913043	0.08949371489616192	0.0	0.10209206849037553	0.03637571096261659	0.0	0.0	0.010253654644778844	0.0	0.10382327073842806	0.0891642542604549	0.0	0.06252793435264206	0.0	0.0126879717703868	0.008584906842023354	0.0	0.0847069303916989	0.009069801860538018	0.0	0.06611608498902846	0.0	0.007606652474536977	0.049372129461310824	0.0	0.1588290040033563	0.0	0.20080511959267905	0.0	0.0	0.10240039393011086	0.10606381896708639	0.0	0.022522223234480408	0.1551192745048369	0.0636437074723676	0.16871600325598507	0.0	0.15012741220329315	0.0	0.03667647170507281	0.015599901520417705	0.0	0.12701625215487308	0.0	0.035948307791917475
lpxDA_fabZ	0.21130612314068237	0.14440318973961383	0.13881009155229884	0.0	0.5183465898820392	0.0	0.42045388146119533	0.3359794644884509	0.36802097712604215	0.05833208039517618	0.0	0.17510775178235152	0.0	0.0	0.05182841216463816	0.0	0.0	0.006794844238110321	0.012493605321035139	0.056686942321752504	0.07574717481946082	0.034756353707504024	0.0	0.08318436592299462	0.22809646778379755	0.004626777934790577	0.016187095718033662	0.013867528745055847	0.0703980599230036	0.19217418367679365	0.009664436491207372	0.034023050528159744	0.26445265110774524	0.01249192094619093	0.058280686352359085	0.06699959081260773	0.0	0.0	0.010091186755286256	0.14979614882948594	0.0	0.0	0.0	0.0	0.0	0.014755460989427207	0.07126815708228433	0.0	0.05571088523139386	0.017572846820958284	0.0	0.08206567266747072	0.0	0.03615230844699279	0.0	0.35483269408627516	0.03809485628042575	0.0	0.0	0.0	0.01131360357854853	0.3327627441067513	0.0	0.007261458396182222	0.0	0.0	0.0	0.10145848456954001	0.053189848785620074	0.0	0.01753960771551564	0.0	0.007529209814929281	0.000765705854011097	0.0010946107403998712	0.0	0.0	0.0	0.0	0.03903033290817154	0.03728957792121632	0.09939348272520346	0.011729175850857605	0.21265060760489793	0.0	0.16271659987204953	0.0	0.0	0.0	0.0	0.4001590345263094	0.09643742847989882	0.009022036682840644	0.026195828019682246	0.0	0.021409025207354417	0.06541049963960062	0.6368421448151985	0.047410827826218443	0.05980649436443928	0.03543860585141904	0.013487420856961847	0.02212327579864095	0.037820484918889466	0.0	0.0	0.0	0.0	0.0	0.0	0.1202469526994758	0.0	0.0	0.1742640005285606	0.0	0.0	0.043617634690049825	0.2750488628445252	0.0	0.028088685136793905	0.009841694647356455	0.0	0.14920653377483606	0.07369290355110396	0.0	0.032946399400396426	0.0	0.0	0.0	0.0	0.0	0.007786493273342099	0.03776026854035914	0.0007997487415872095	0.0	0.0	0.024870516218547387	0.06422715923648747	0.0	0.0	0.0	0.005640738252584529	0.0	0.0	0.0	0.2136678274284145	0.0	0.0	0.0	0.04763231513108476	0.18292871019040838	0.0	0.17917813518103848	0.0	0.0	0.024425001132446302	0.0	0.0	0.0037496667600101547	0.0	0.0	0.0	0.0	0.0	0.027383119163030205	0.03805673851356653	0.0	0.026348336085357995	0.0	0.0	0.0	0.0	0.0	0.0	0.11267296195947411	0.0	0.0	0.0	0.0	0.0	0.03470668154248748	0.0	0.0	0.0	0.022212451846838833	0.0	0.044661880617607896	0.05309726019101459	0.0	0.1085831983204019	0.01625019874642878	0.0	0.0	0.0	0.03262816895244958	0.11295458498962155	0.0	0.0	0.0	0.012137697960444442
ppiA	0.0	0.0	0.07192018852718825	0.1329032914861622	0.0	0.1514456054796163	0.0	0.0	0.0	0.13218360970205614	0.2032950651258302	0.13116426162651793	0.0	0.0	0.019631405170745738	0.014987748230697063	0.08490012101667055	0.10567078270369722	0.17175796322904982	0.2660926672264354	0.0	0.09240517663853041	0.07296795074155181	0.08932611158157285	0.0	0.17479264585597806	0.15040077859909667	0.07581667991998788	0.054131255843228615	0.0	0.22534243801828652	0.07933245563414472	0.0	0.1017941703478947	0.0034027340314847485	0.11413687316840528	0.13748140661653105	0.12098190688523595	0.10589710331985962	0.0	0.08283357506848456	0.11336497913337928	0.1288004243135493	0.11686125529207103	0.0	0.07920825764419519	0.010048141820107477	0.017945423149679108	0.11449851320403397	0.10483691693337474	0.056011688758424286	0.0	0.0	0.13063795514219803	0.09427478400003976	0.010216983519813856	0.12577383292371694	0.0	0.0	0.001754718653489791	0.0	0.0	0.0892568830811357	0.10053440129734309	0.18336247503299538	0.13475270110427345	0.08582729826394471	0.15580418708733396	0.005681231495477136	0.12203726773242841	0.08899047566193316	0.04079357847735584	0.0	0.11643142861619735	0.09340286921634727	0.0	0.09898796529304789	0.0	0.17942006337481914	0.0	0.0	0.0	0.11823596715278034	0.1141987131158815	0.0876154772403563	0.0	0.0	0.1919258299397494	0.11275904254975899	0.0036609799027016708	0.0	0.0	0.0	0.034751964005463376	0.14553333990611172	0.05420432466762991	0.1164418572354244	0.0	0.16473237112856162	0.0	0.10622338483753699	0.0	0.24355819967812528	0.014032249664416427	0.0	0.11510143426763528	0.07679932488413056	0.08898512332145926	0.19698082465659378	0.0	0.0	0.0	0.03850649112306432	0.008849078665258924	0.031658859471090144	0.0	0.0	0.12899981154705123	0.0	0.019035863667295858	0.0	0.0	0.03467679811237464	0.029884634375951256	0.0	0.05669036119163885	0.0	0.0	0.0	0.07795120078479117	0.05056134204827298	0.1220768303832738	0.0	0.0	0.0	0.016991441112858902	0.0	0.013878113097428446	0.0	0.15590006190658698	0.0	0.0	0.1371223120870948	0.0	0.16647562998411974	0.04178207566019868	0.08590229721614846	0.0	0.0432343384269265	0.01823979823694451	0.0	0.0	0.12171021208173577	0.0334931877756399	0.09173090377469018	0.0	0.08953813229817753	0.1602966492942365	0.08289486265121755	0.0	0.005198533323681907	0.14507147166144274	0.0	0.05622666922907953	0.12173127613275939	0.16567503449239798	0.0	0.15642072473658467	0.0	0.03309272223724017	0.0693744469159398	0.0832965369130607	0.026057158807283366	0.0	0.014633487386354954	0.0	0.06949453711024481	0.07657366547784791	0.0	0.0	0.0	0.0	0.02590736436278759	0.02947933706059764	0.0	0.01468054239550278	0.24359121980718906	0.018334764158464467	0.16630081623818233	0.056379113737480765	0.07338860701205635	0.016598443237410852	0.04268133344184412	0.06560461364000814	0.0	0.0	0.0	0.08350374907988373	0.0	0.0
