	lon	rpoH	mopA	htpG	rpoE_rseABC	ibpAB	ecfABC	ecfH	fkpA	crp	araE	xprB_dsbC_recJ	lpxDA_fabZ	ppiA	dnaA	ptsHI_crr	cirA	cyaA	speC	araBAD	clpP	nagBACD	araJ	nupG	ecfK	fur	yhfA	srlAEBD_gutM_srlR_gutQ	fucPIKUR	mopB	mglBAC	malK_lamB_malM	uppS_cdsA_ecfE	fecIR	sodA	tnaLAB	deoCABD	fepB	glgS	htrA	acs	ebgAC	araC	ansB	fnr	himA	cytR	narK	gntKU	ivbL_ilvBN	icdA	hflB	arcA	fhuACDB	frdABCD	ecfD	malEFG	narL	appY	dcuB_fumB	focA_pflB	ecfG	melAB	tdcABCDEFG	gltA	fixABCX	hypABCDE	fucAO	nuoABCEFGHIJKLMN	aceBAK	caiTABCDE	malT	nrfABCDEFG	tsx	gntT	cydAB	manXYZ	appCBA	ompC	yjdHG	cpxAR	htpY	malI	dnaKJ	malS	grpE	deoR	pspABCDE	sdhCDAB_b0725_sucABCD	dmsABC	ostA_surA_pdxA	FruR	marRAB	cyoABCDE	tonB	soxS	nfo	rpoD	uhpT	caiF	bgr_oxyR	bgr_gorA	bgr_katG	bgr_nlpD_rpoS	bgr_ahpCF	bgr_dps	bgr_himA	bgr_proP	bgr_crp	bgr_yhdG_fis	bgr_osmY	bgr_osmC	bgr_hns	bgr_acs	bgr_fnr	bgr_fur	bgr_cspA	bgr_rhaBAD	bgr_rhaSR	bgr_araE	bgr_nagE	bgr_rpoH	bgr_dnaA	bgr_cytR	bgr_tonB	bgr_mopA	bgr_gltA	bgr_speC	bgr_fucAO	bgr_nupG	bgr_deoR	bgr_malXY	bgr_fliAZY	bgr_flhDC	bgr_lacZYA	bgr_lacI	bgr_caiTABCDE	bgr_caiF	bgr_narL	bgr_malEFG	bgr_manXYZ	bgr_mlc	bgr_pdhR_aceEF_lpdA	bgr_proK	bgr_ansB	bgr_valUXY_lysV	bgr_pheU	bgr_cyaA	bgr_proL	bgr_pheV	bgr_flgBCDEFGHIJK	bgr_ubiG	bgr_araJ	bgr_ibpAB	bgr_gntKU	bgr_gntR	bgr_sdhCDAB_b0725_sucABCD	bgr_tsx	bgr_fhuACDB	bgr_aldB	bgr_rhaT	bgr_fucPIKUR	bgr_glgS	bgr_fliFGHIJK	bgr_mopB	bgr_malT	bgr_hypABCDE	bgr_malK_lamB_malM	bgr_tdcABCDEFG	bgr_metT_leuW_glnUW_metU_glnVX	bgr_osmE	bgr_dnaKJ	bgr_clpP	bgr_hflB	bgr_nrdAB	bgr_tyrTV	bgr_aspV	bgr_glcDEFGB	bgr_glcC	bgr_narK	bgr_mglBAC	bgr_arcA	bgr_dcuB_fumB	bgr_ompR_envZ	bgr_fliDST	bgr_uhpT	bgr_yiaKLMNOPQRS	bgr_argU	bgr_ptsHI_crr	bgr_pspABCDE	bgr_fixABCX	bgr_nagBACD	bgr_fliE	bgr_serT	bgr_gyrA	bgr_rcsAB	bgr_entCEBA	bgr_cyoABCDE	bgr_araC	bgr_icdA
lon	0.0	0.28668582327741776	0.08867194638133842	0.12602499555809107	0.176413390954329	0.01518828508614489	0.09417497692493178	0.12358394971851581	0.09963382182078559	0.0	0.032407318465608945	0.17551380561280422	0.19714867079564188	0.0	0.0	0.05176649390450859	0.08123690771790888	0.027841955121022246	0.0	0.0	0.2726730522376554	0.05388279490700485	0.08844364585023629	0.0	0.05988498166720809	0.06085311633605291	0.046504281692992505	0.0	0.0	0.24854389414173275	0.015813299590491946	0.042369588475659546	0.1480285995381937	0.04861602271680171	0.025956273706047566	0.0	0.08300465331506925	0.0	0.0	0.1340618363401478	0.0	0.0	0.09416859397100177	0.0	0.0	0.0	0.09942999592259717	0.03039965273772275	0.08427700797024308	0.06863148828969622	0.009786307194904061	0.28144614305357035	0.03880712672063853	0.0	0.0	0.12342108442088451	0.0	0.0	0.09625131346823759	0.0	0.016022801647284205	0.15307583629222932	0.09066234658446294	0.12480473227137846	0.0	0.0	0.005228374185891642	0.0	0.02385709719643862	0.027786198261661007	0.19493184413508588	0.0	0.0428320100084507	0.029470885874445643	0.0	0.0	0.11438992384039046	0.036204239849775444	0.0	0.0	0.13680183475716506	0.3237113406888189	0.013305297956412932	0.22631777433214142	0.0	0.3078958181334051	0.056381162451399604	0.0644723425795777	0.0	0.0	0.2149787392618842	0.0	0.0	0.026249499819239297	0.0	0.020809485321459452	0.08359959469788308	0.11088569802637806	0.0	0.0	0.0	0.04561092189503212	0.02030470723837615	0.0	0.05861938069639905	0.0	0.0	0.0693013529393382	0.071753217279329	0.049233731890219457	0.0	0.00801421239780573	0.04492560442447386	0.0	0.07247506996958859	0.0	0.0	0.039841106764382385	0.0	0.0	0.0	0.0775340178282985	0.05933780843223178	0.014999722831742791	0.02559139117911692	0.0	0.050700658892666	0.04517096259582411	0.0	0.0	0.0	0.1159955002380793	0.08570275931437572	0.05499452880314112	0.01931690534643054	0.03359605928820831	0.0636068194453401	0.029573996636038137	0.0	0.0	0.0	0.0	0.0	0.05273319240665928	0.08830806246380415	0.04456788777017771	0.004237084835404811	0.020606520371014878	0.07265235466308045	0.08815936880868332	0.015621256518633523	0.2084312149163663	0.0	0.08558948863862247	0.0	0.015356156987097754	0.14466121503629856	0.0	0.08072033058160445	0.021242290109344843	0.08881704415805275	0.03729336020802	0.0	0.09798107180589644	0.0	0.0	0.08204058213107121	0.0	0.07325246377086825	0.025691639360954987	0.00911856733566784	0.017562250942265087	0.0	0.03692460567996535	0.10848485032090914	0.07193710074249857	0.0	0.0	0.0	0.06600959954901647	0.0855767110565354	0.06952541599649348	0.11770082452134167	0.0	0.007578201401859381	0.030172561281205396	0.044712207535806854	0.0	0.019959974377409803	0.02185309078384926	0.0	0.0	0.12887462813221776	0.02301127310552964	0.06358258807286861	0.013535765762804549	0.0	0.0	0.011438305606110971	0.07553005287681165
rpoH	0.28668582327741776	0.0	0.2331984865583935	0.22202680032335018	0.27968824882553334	0.12040973450078833	0.12494343763566315	0.1579469840081352	0.16791864362244047	0.0	0.0	0.34604600072080005	0.13572344297966465	0.0	0.0	0.08329946481568679	0.0002510479183268478	0.010577772328516961	0.01907453951948253	0.0	0.1180954190052047	0.0	0.006160913483889931	0.0	0.15707247002729977	0.016648423425469003	0.04055406420673577	0.0	0.01810493988959962	0.2903603115696488	0.02234378658680017	0.055145093615131924	0.0	0.0	0.0	0.0	0.00776113658939249	0.07727787613282429	0.0	0.140219721322751	0.01950008096783491	0.08169798047963146	0.0	0.0	0.0589642264366444	0.0	0.03502263940524484	0.010683852344907681	0.0	0.054850915561940106	0.0	0.27637092929682594	0.0	0.0	0.0	0.10516240105123477	0.0	0.03772308205894545	0.0884315150594809	0.08123480929761427	0.09235661279376861	0.24468108197545746	0.004807940390991005	0.0	0.0	0.017570081928547296	0.0	0.09048321362272825	0.10621605054483842	0.0	0.0	0.0	0.0	0.06882719015500909	0.05192261684644145	0.04179300607990177	0.11786080375192896	0.05821807889614938	0.05058691310169981	0.10854186586845134	0.014943302848087316	0.20585224252256318	0.0	0.2931484652788871	0.02151542477430629	0.2202906481048658	0.0	0.02956883835593098	0.0	0.008020762945559696	0.14510684217890962	0.05730488117292703	0.0	0.057807028258281205	0.0	0.07035381857965801	0.0462240414289949	0.20885015350508865	0.0	0.03984113823551545	0.0	0.0077453797277386915	0.0	0.0	0.0	0.031244989394830152	0.010298484198679408	0.0	0.0	0.08945163908903783	0.022563020612310608	0.0	0.1426461344700035	0.0950086756959138	0.03251015994056448	0.036290538045658925	0.0	0.11904147059423141	0.11196483671446321	0.06379904150255167	0.009309794402131918	0.0	0.0	0.0	0.018448017015056696	0.0	0.08736805542883648	0.04664650421623694	0.10063996760704189	0.0	0.02121988920948389	0.12319054941251277	0.07346468372361965	0.0	0.0	0.006132136652107079	0.0	0.0	0.0	0.002782822071408163	0.0	0.0019526799537896346	0.06649512663397456	0.0	0.06747776906429102	0.10579160889212882	0.0	0.08663954760376359	0.0022802396656008365	0.07345515841614814	0.0754823986205683	0.11683041810733749	0.017430108851851304	0.03438261090505724	0.0	0.003803038234375401	0.14436646487668026	0.05487699209645926	0.0433426133568961	0.05595064685509133	0.031914753276197846	0.029549235183399795	0.0	0.014650472169887418	0.029999611161729407	0.09125902452292024	0.1458612055189057	0.0033041799191434883	0.05780522919378971	0.007066075410528164	0.0	0.0	0.04389920314111181	0.0	0.0	0.0	0.0	0.1016898144048437	0.0	0.09960606140621929	0.10680356072387981	0.0980182461961282	0.07436047514858271	0.04455538250449166	0.0155059225829962	0.0	0.0	0.0	0.14318360140859102	0.0	0.08253705555137182	0.10742495048153138	0.03891306581515355	0.08640919274011116	0.019594153231007598	0.004378924442197176	0.009039267223372843	0.05414556349942153	0.09333935373683716	0.0
mopA	0.08867194638133842	0.2331984865583935	0.0	0.18466956810517857	0.0971958867724819	0.2282580247365977	0.013392082533966197	0.047917960682696645	0.12029904023956638	0.05607534677419126	0.08816252655737225	0.08681679817411453	0.1284393423310437	0.08151902427263158	0.029563729182503985	0.0	0.0	0.04180933723338519	0.05389903551243877	0.0	0.015931742586539573	0.05904230084863796	0.017000289534456668	0.12163852649311618	0.05100944876061008	0.06924560324623778	0.0	0.16984326441344932	0.0	0.10683502095661	0.0	0.01735278449011797	0.08435869935809495	0.00036058780311094813	0.0	0.03436082190246873	0.030470286469504174	0.10137913315384926	0.08812379192164047	0.1073099307120979	0.0	0.06317385119339973	0.03501040116714492	0.0	0.028891302789560515	0.0	0.14033512213834337	0.0	0.09516795551743204	0.0	0.026607464788724115	0.24785742617530884	0.0	0.0	0.0	0.03686316285098057	0.007120345664982227	0.05235009403637934	0.0	0.0	0.0	0.028868622883294656	0.06033123599022436	0.07037268245968499	0.12478344564900593	0.0360516267406048	0.0	0.0	0.0	0.0	0.11278102710719864	0.0	0.03260835332085886	0.0	0.0	0.18318116922400254	0.0	0.07288702959192173	0.0	0.0	0.1119065979536156	0.1325184186385137	0.0	0.17196462602367207	0.07228165343271496	0.2136400255463864	0.1439920940825139	0.0	0.0771813442080404	0.07251785263447569	0.010130848194769752	0.06738892878597802	0.0	0.01328960090888985	0.0	0.0	0.0	0.1539776493901477	0.0	0.03033277564845114	0.04645549930630468	0.0	0.04894067846157263	0.03931046654698545	0.0	0.0	0.01527413350730333	0.0	0.016185416889802982	0.11107897662821868	0.0	0.0	0.0	0.0	0.02148842877378311	0.13225066590922613	0.0	0.0	0.0	0.019183957670722104	0.0	0.0	0.0	0.0	0.011186284452268025	0.04434254667738024	0.0	0.0	0.0	0.0	0.0	0.0	0.0	0.0	0.06553740326150509	0.17396017877398748	0.0	0.051040077089461434	0.09230388504429876	0.02952320402083762	0.014141644345273697	0.015175130464810395	0.049613102920822064	0.0	0.04074163824673331	0.0008123728611872309	0.042406887887882876	0.0	0.027280118080392945	0.1049827531497137	0.14242504477497708	0.020092200363997652	0.0	0.07526471680493094	0.07617997122074951	0.0	0.04223795455851726	0.005392797194165434	0.0	0.03126316339313953	0.0	0.06659009231362173	0.0	0.0	0.025011165181519836	0.031558191151572566	0.0497755920279643	0.047718514985604865	0.0	0.09299822087919886	0.0	0.0	0.0	0.005153852344340365	0.0732575913729737	0.0	0.13574486259242993	0.0	0.02728156642901607	0.0	0.0	0.07611313741673291	0.03260805243987613	0.030570915770071653	0.0	0.07888793151297263	0.055623639636070546	0.0	0.0	0.0	0.10657041752551906	0.0	0.0	0.0	0.04320369529053237	0.06252128226839046	0.0	0.009366887637904747	0.0	0.0
htpG	0.12602499555809107	0.22202680032335018	0.18466956810517857	0.0	0.09964819234418869	0.18990602494489583	0.09234883616102572	0.0	0.0977336810760578	0.10345372155611288	0.1567382654705472	0.10707218223763583	0.010694815241560454	0.11718892410909422	0.0	0.06537845518327708	0.014834196896349927	0.0518749573181336	0.03551338994138445	0.0	0.08571608735359236	0.0	0.147173639859812	0.0	0.0	0.07989014352636754	0.06555303937908723	0.017372400770490723	0.08867280770479873	0.16334152840412705	0.0	0.018890820060830267	0.0583868166078649	0.0	0.0	0.06825222504553174	0.07084685323528954	0.11700083029454905	0.14923209524519573	0.1032874201326628	0.03752243866008942	0.06623118755972167	0.047444922175469195	0.044470937891002475	0.0	0.09733047045845407	0.0022086945041043258	0.08920364862236399	0.02378838933002991	0.08768352161326079	0.05987418274309594	0.266193551981855	0.0	0.06896392983601142	0.0	0.0	0.054348574011862105	0.0	0.05177452958640505	0.013772107781573095	0.029004802694196235	0.004446047749672072	0.06589665706527499	0.03690515734592499	0.07599506480980035	0.045014696681498614	0.04005961683005358	0.016042754386460606	0.011493813922642452	0.0	0.10600603613781681	0.007277882439092075	0.07032678907698882	0.03185660340067004	0.05060152395889328	0.060346281950556635	0.06332789412634753	0.0	0.046703223494841364	0.013546716532521976	0.14295816524232183	0.16610048498479277	0.09601582123024453	0.24309435803965707	0.08194917364119575	0.21833828021767757	0.01972550092714851	0.10986476684326121	0.11774286497826399	0.05636863182145229	0.026514394623806763	0.0	0.0	0.048971547235949965	0.03895387413021772	0.10701045441935667	0.0	0.0	0.02938454579187356	0.0	0.05378954915748896	0.0	0.0	0.02020803071186977	0.0	0.0010660622103202371	0.07436874098435013	0.045835792129079914	0.04420817825309616	0.024301619484159556	0.0	0.028058893602301176	0.10147467837811691	0.10386853720646795	0.08882555600914632	0.0	0.0	0.031367613631284215	0.0	0.0	0.0	0.0	0.09565759863923584	0.0	0.0	0.05287173410940862	0.0	0.12379351179907944	0.0	0.062401406299993765	0.024228247160327534	0.041637962911345805	0.0	0.10065460827239117	0.0	0.050954296992744744	0.031350895815056415	0.09894697482953106	0.06556051209059566	0.07069052610680046	0.0	0.10245099203933383	0.04013558956095395	0.034094317624167814	0.06298122980015905	0.0	0.07058754482062263	0.042814326379634	0.017986475569206534	0.07671927652438038	0.057167227248088426	0.02289649020997436	0.13948050072447385	0.015538585305412262	0.037193902045632145	0.04110871971952804	0.0	0.0	0.036118067874270604	0.0	0.03057931248643626	0.0	0.03816426570468985	0.04607054360480478	0.0	0.06193104378964294	0.07899754455333766	0.012862282204318438	0.14711324922017774	0.04655739909122454	0.004427045668860428	0.0	0.0	0.0	0.08630713620402229	0.0	0.08798275555083306	0.0	0.0	0.0	0.010957193787381806	0.027256515363169604	0.08195705270822223	0.03981892239195947	0.12145292236032244	0.10377435441466422	0.0	0.0	0.08317492475654607	0.00397531147786479	0.14953924947430575	0.0651514903142025	0.05122664068668195	0.11216700049545286	0.14252251506335947	0.07817937457541699	0.05958743889421108	0.039148247512972856	0.023912217637520966	0.0
rpoE_rseABC	0.176413390954329	0.27968824882553334	0.0971958867724819	0.09964819234418869	0.0	0.0	0.4806591253639679	0.38844707225047753	0.4596201555270751	0.0247389864401722	0.04516335708042485	0.12238626190323537	0.57016997296361	0.006432828894929363	0.0	0.08864967538634948	0.06617772449786542	0.09287842677427065	0.026615691634017734	0.0	0.18732737763898896	0.0	0.0	0.047308225857807765	0.35243016967630025	0.02351186898147236	0.06756500027032906	0.07556826384130348	0.09841082866481557	0.18172603649735602	0.0	0.013983376808036668	0.4166789203585938	0.029768645280070703	0.0	0.07370462640597684	0.0	0.013182831512486773	0.05378287517037003	0.07987938348459098	0.0	0.0	0.010962473284383928	0.0	0.0	0.034089888507702226	0.0820157180911036	0.0	0.10560396790188152	0.0	0.0029514429658203706	0.14008024999837734	0.014707678161209962	0.0	0.007301586790828778	0.5292426164504379	0.0	0.0	0.0	0.0	0.07669191666391716	0.3734187560218213	0.0689128298418051	0.0454741585700882	0.03254401703598232	0.0	0.08830645838730276	0.012957275194024748	0.0	0.0	0.09047123760329931	0.010193124766416676	0.07994250169019544	0.10752664379342491	0.039344484313075294	0.0	0.0	0.14504557723117703	0.021331979349193807	0.06138568611707326	0.004374832994039278	0.08833604384199088	0.0	0.18729475626480083	0.08916620350285649	0.14983594952093127	0.04266446672489062	0.0	0.012157808380617578	0.0	0.31431982413708676	0.0	0.0	0.03964869392878822	0.0	0.0	0.02069104286000037	0.43810356329495737	0.0	0.027989949770245687	0.13803206535990448	0.12884761328538508	0.05336600639286861	0.10411832107492193	0.10250902520718952	0.09416477029208745	0.058034541954004336	0.06975009136371046	0.0	0.02846969371261359	0.0771150118078426	0.0	0.010924309675068324	0.0	0.14419395722025238	0.0	0.07243100152488363	0.056784998383836334	0.0	0.09709967092172286	0.13680071670372818	0.0	0.13946396075291526	0.0	0.0365083094146107	0.0	0.0	0.002437327749610546	0.0	0.0	0.059521293478136436	0.022976408931019383	0.0	0.0021470014937797323	0.0	0.07325697715039185	0.018445366503184634	0.0	0.0	0.0867814067731054	0.0	0.07230944880688088	0.007325078425267334	0.0	0.04913327769048945	0.15789939998561653	0.0	0.06428591379310519	0.08692989441919435	0.006147384315621197	0.0	0.15063419162514533	0.04989984452358522	0.0	0.008147217770047854	0.04434219968141243	0.07263093788880237	0.0	0.021925411718163222	0.0	0.009064936721754622	0.010752169928974629	0.011696633166434468	0.059916709566406136	0.1634971509392654	0.0	0.06004913951811989	0.019756158598537018	0.030112789658641045	0.005255588960110089	0.053498872624667675	0.01564715036382235	0.015597701353690754	0.13281078093459048	0.0727367059732504	0.11474297153225654	0.0866834939909668	0.0	0.0	0.008169917060511728	0.0	0.021055502417558387	0.0	0.08846856968764748	0.08506166781383408	0.0	0.007596773873289439	0.02134426302028052	0.0	0.046372764098959754	0.038636061288648986	0.0715484504130313	0.0995126418772814	0.0	0.004732847052116402	0.0608625288242532	0.0	0.060991994487498716	0.06927906294697603	0.09774685102923139
ibpAB	0.01518828508614489	0.12040973450078833	0.2282580247365977	0.18990602494489583	0.0	0.0	0.07747806378255753	0.08888720204135	0.09232426197250071	0.05737914731213273	0.028963123648876	0.17099749430833008	0.0	0.140538998644081	0.05778720445253884	0.010712150808549719	0.0	0.007141602793032365	0.08746857460752015	0.13651091682997293	0.05322977201779788	0.0805051652693485	0.0	0.14234293296281955	0.08383888447979197	0.05833960996626478	0.07424011256227654	0.05388523735954072	0.1491972381662903	0.13697954558670877	0.0	0.11646789918241884	0.08589370666401853	0.0455480237810756	0.0	0.04496805402022264	0.020391170229084703	0.08059848768955671	0.08646854516193539	0.10813630011103674	0.037941076957032464	0.0	0.08023808448949535	0.0	0.016225200209779383	0.0	0.24100782150535038	0.0	0.0	0.08953171094979838	0.07632983769123418	0.13537231711016065	0.0	0.0911955781590427	0.04049111094084191	0.07675216045714685	0.0	0.0	0.01545770844690692	0.0	0.0	0.012970804524010508	0.06273448584064752	0.0	0.09569831355402271	0.11641861336932272	0.0	0.04132617026959649	0.03857373694908116	0.04128693798930353	0.1521117113992224	0.02222963088148934	0.005935303705935717	0.0065185056043955275	0.1122694440433078	0.0	0.02868705346363917	0.10012809077807792	0.020210507097810654	0.017918231251013224	0.06395508994180756	0.19851992671531962	0.0	0.3110716901678528	0.046850186591923686	0.13422693045559253	0.0	0.0	0.05202344646774036	0.0	0.06246049364800944	0.05173135152010307	0.07714136674559044	0.0	0.0	0.050058628744471846	0.0	0.15103655215287076	0.09361591192386279	0.0	0.0	0.03295162884096442	0.0	0.0	0.04988980812255197	0.05786686358490228	0.0	0.0	0.0	0.10315326560401487	0.10742143287992732	0.0	0.0	0.08406113105664867	0.023158496368834273	0.03921571517429746	0.0	0.0	0.0	0.07497230753259052	0.13469039753359852	0.0	0.048978514402035704	0.0	0.0	0.0	0.0	0.0	0.022186988227817166	0.0	0.0	0.0	0.023554530433072464	0.0	0.06434689279450793	0.1818274678999809	0.0037649733939475794	0.0	0.0	0.0	0.011725755201321039	0.03543193538736993	0.047263261074424405	0.0	0.0	0.10806061925221425	0.0	0.037694960543750544	0.02688443204643699	0.0	0.0	0.0	0.05853134992451427	0.005164125169807238	0.0	0.08053465550574807	0.0	0.14430159613478977	0.09055204247090326	0.09712893817614822	0.0	0.06092670611611354	0.05751087384390134	0.0	0.0	0.015558988027392397	0.0	0.0	0.04228137203254197	0.02586469623527061	0.06765437987192918	0.010820204776173811	0.038104727599704645	0.0	0.10716243182294155	0.0	0.020377734256673125	0.06409455378182527	0.07895477209402639	0.0	0.0	0.0	0.0	0.040057346241957226	0.025602794261386695	0.0	0.0	0.04856641221910976	0.0	0.0	0.015331035664622098	0.0	0.04587746701247034	0.062641497489406	0.0032038317028709627	0.0	0.0	0.041856420982519765	0.0	0.0
ecfABC	0.09417497692493178	0.12494343763566315	0.013392082533966197	0.09234883616102572	0.4806591253639679	0.07747806378255753	0.0	0.2788504967764448	0.3143109083010838	0.0	0.0	0.13399408783259362	0.41120612113974103	0.0	0.0	0.0	0.056157584678235485	0.04284894240451704	0.062031454025233114	0.0	0.12747463799442632	0.02290611598812479	0.015524810494672085	0.06901459630285253	0.2537207257935442	0.0	0.04436659217854827	0.0	0.0	0.10394886286384077	0.0808085630856705	0.11750122025274194	0.3051047997479145	0.0	0.0723324615548258	0.010653558836907202	0.0034287287532573786	0.035778875882976284	0.0	0.006928755026490049	0.0	0.06603402983310526	0.0	0.0	0.0	0.04101140264596585	0.0038731981061897788	0.05613396877789353	0.0647597103459893	0.0709951777298011	0.006078795705847402	0.15660551829620303	0.04634015775632612	0.029221650409137805	0.0	0.3882088946649218	0.0	0.0	0.0	0.0	0.03532908660754646	0.23620738924173987	0.0	0.0482468805564146	0.0	0.0	0.0	0.0	0.06708426950150452	0.0068464603877361275	0.06272013876568011	0.0	0.0	0.04860553140804686	0.026273917352033004	0.0028977055385709578	0.036126285671019935	0.042457605717455646	0.0	0.19716012307821726	0.01111724466641855	0.14169064475880105	0.06303335661101311	0.15463221035793698	0.017018897333621958	0.15284141820663202	0.06566803537611979	0.06054632403510983	0.0	0.07081407364719662	0.30729856942420125	0.020383359193289652	0.00047397080917067306	0.028887440925119988	0.0	0.04525421023273176	0.06817160735001959	0.4696396589281676	0.06053426588038253	0.11480161967957031	0.02587162119664264	0.07818739893240657	0.0	0.0	0.0	0.0	0.010270056690729447	0.0	0.03775091880742679	0.018118943093033583	0.019803692138725383	0.02409387909021388	0.01371219929073442	0.11221696765499829	0.01665680679013854	0.0	0.0	0.0	0.0	0.031446381267393304	0.04845654753043077	0.024615196464326607	0.017092995935410343	0.014280490576416137	0.0	0.0	0.08166292557644088	0.0	0.01174145961316106	0.0	0.019097956283758065	0.06956771510800333	0.03680627808103871	0.04768935655574603	0.0	0.0	0.11254514464106488	0.0	0.07358393025421513	0.0	0.0	0.13081412496446687	0.0	0.0	0.0	0.03710644891541018	0.0	0.0	0.0004549604930170325	0.07359457220151565	0.0	0.04823440373192487	0.0075404972298254175	0.0	0.0	0.07669989110975926	0.0	0.0	0.10479151034462746	0.05238222265996085	0.008244587059334925	0.0	0.0062009161814590655	0.02385448385686431	0.0	0.0	0.0	0.0	0.026015906955987298	0.1038095056040274	0.014079658319261197	0.0	0.0	0.0	0.09479008066933962	0.054775363237609606	0.0	0.0	0.027801458958726773	0.012582415113577954	0.0	0.08801144793770387	0.06329540457127297	0.022010918993240997	0.01552468559032683	0.0	0.06640015472210467	0.024927014932582776	0.0	0.0	0.09955886142421252	0.0	0.0	0.06046616963634133	0.05447273755981712	0.06397526635253671	0.0	0.0	0.0	0.0
ecfH	0.12358394971851581	0.1579469840081352	0.047917960682696645	0.0	0.38844707225047753	0.08888720204135	0.2788504967764448	0.0	0.7004567267344518	0.08190064974605327	0.0	0.21338084628936824	0.3835783867659851	0.0	0.0	0.0	0.0	0.09344774482389297	0.11843908128504235	0.0	0.2658874873612009	0.0022718706986926515	0.020024014448518684	0.0	0.4288691669132765	0.020016236798164572	0.0	0.0	0.0	0.1763186533296299	0.05688179662214668	0.0	0.30016939536124815	0.0156490334094615	0.0407756115145368	0.0	0.0	0.0	0.0	0.03785860420691158	0.0	0.05443985367139836	0.0	0.0	0.0	0.04592447055481312	0.11080313921628046	0.0	0.0	0.0664613705472717	0.0	0.08865639766182819	0.0	0.0	0.0	0.42264200902570825	0.04672909738987062	0.13920890098353947	0.10950440354247543	0.0	0.11503251232366618	0.6071030314129315	0.07436689727388876	0.06697298822864564	0.06658075483970796	0.0	0.02862443909665866	0.0	0.0	0.0	0.018385102945514663	0.0	0.0	0.0	0.0	0.0012486570196695549	0.034447258677982553	0.020615224891587507	0.006748844634178606	0.0	0.0	0.15877948327076738	0.07099225312416003	0.08541351920874868	0.03026234102555409	0.22347950706066425	0.0	0.0	0.0	0.07207148201152544	0.319005635451939	0.0	0.0	0.0	0.0	0.005703824717822242	0.008802168722330188	0.4772067253935056	0.02213487122430884	0.07134614208145988	0.0	0.0	0.0	0.0	0.0	0.043618783327919915	0.0	0.03509634906459035	0.0	0.0	0.0	0.0	0.0	0.04262839931812158	0.0	0.0	0.0	0.0	0.03399152594574362	0.07075166999932958	0.0301739543780568	0.0	0.0	0.023498513583693086	0.0	0.0	0.06802303849725017	0.09152308654845671	0.04193998587489896	0.0	0.0	0.0	0.012526842055399638	0.03304497571954172	0.01568190532998063	0.0	0.018360656607702076	0.0	0.00604513402875925	0.03947280664313552	0.0019497791926475568	0.029759417671258698	0.0	0.027115431763189736	0.05232015335090888	0.02033658247573288	0.0070579956061139785	0.0	0.0	0.0	0.0	0.04641205944264766	0.07032825964077483	0.0	0.021669148577799426	0.028356723191839902	0.0	0.0	0.042931691421132484	0.02447932476523814	0.017220006099174682	0.0	0.01304260678458137	0.02475459683968508	0.02406106591959173	0.0	0.0	0.0	0.0	0.0	0.0	0.08194717851537289	0.0	0.0	0.0	0.0	0.007278557222293072	0.0	0.0	0.0	0.0	0.0	0.0	0.0	0.0	0.06305686247780268	0.0	0.0	0.005915669574136854	0.007941232804635724	0.0	0.0	0.05320468052815583	0.0	0.0	0.0	0.0	0.0	0.08640289829955963	0.0
fkpA	0.09963382182078559	0.16791864362244047	0.12029904023956638	0.0977336810760578	0.4596201555270751	0.09232426197250071	0.3143109083010838	0.7004567267344518	0.0	0.016145212428473766	0.1039653001622665	0.22292911056017622	0.43591351546616935	0.0	0.0	0.06200097860784172	0.0	0.04021797569305265	0.11006584759285559	0.11747723221651753	0.08727870411541504	0.005276626442449646	0.0	0.11557037264173434	0.6168512073301261	0.0	0.1123641206912751	0.057312603884763794	0.07619311921682899	0.16349176920241817	0.014720728831475682	0.0498349756666284	0.38549130856827435	0.0	0.1091786747758714	0.12050803289651267	0.0	0.031310589820222196	0.061665204378881865	0.1329242744226514	0.0	0.0463969252325133	0.0	0.0	0.0	0.029657054378055346	0.06837573739856642	0.0	0.03279236572805731	0.048713765004159165	0.0	0.11442369856817564	0.0	0.0	0.038857001609079	0.4478215095793731	0.15915473721231832	0.0	0.0	0.0	0.14186358002984434	1.0	0.0	0.0	0.12058393961118623	0.007493304236749432	0.12589671865317956	0.13117078972407967	0.07834129171588494	0.03865021151676885	0.01768933926003715	0.06332749013975653	0.08272587570943425	0.020970653637150463	0.0	0.05185026605086683	0.07617926729867575	0.037430538345779044	0.0	0.08045786024000932	0.06001357990418532	0.1859352245318523	0.10502098834279541	0.1262547781725724	0.03210923978920609	0.1247078529088484	0.0	0.0	0.0	0.0	0.3772887108591188	0.03398030060653974	0.0	0.0	0.0	0.06281110920422077	0.04209612596249161	0.49662451525562223	0.0	0.06652236248035882	0.002338288206978237	0.0628079520520073	0.043774089061161855	0.041553609593840406	0.014401963508546974	0.11099288002788678	0.012404397553067053	0.0	0.0	0.08332282920023457	0.010106540770397736	0.0	0.13817019906715042	0.03165894996928207	0.0	0.0	0.0	0.03631991162202881	0.0	0.0	0.04639184537057507	0.07903010746729401	0.10825294189966117	0.020631435191602553	0.015011782569495553	0.01895100715559305	0.10470247611983395	0.02207589960088856	0.013710897386333586	0.06705265123265675	0.0011076914962520345	0.0	0.0	0.0	0.0	0.009496103019952172	0.0	0.03263182157915327	0.0	0.0	0.05976878821184071	0.0	0.0	0.12078445561685781	0.10245959999633125	0.24206393573016263	0.026544781426008413	0.011348918601142942	0.0	0.0	0.0	0.03427794220166902	0.08398364904176672	0.0	0.0	0.059290067204205286	0.05129125105874358	0.0	0.06179775315958609	0.0	0.0024055669110865626	0.0	0.008232396099293826	0.01716311011549349	0.07911458503044873	0.018934208516173792	0.0	0.0	0.06915108853381823	0.042517234243144436	0.052308668963994095	0.0	0.008501649579653641	0.0	0.04860988376184704	0.0	0.0	0.0	0.0	0.060342116899609735	0.02444872946383256	0.016141614278086955	0.0	0.0	0.0	0.0030023561351126735	0.0	0.012442442884954663	0.011793398100992062	0.008479141425312774	0.06718462154680416	0.00720148778825934	0.015527088149963985	0.11987840355583958	0.0	0.013167222151293408	0.0	0.029358276761378595	0.08778061815786692	0.05066274854349092
crp	0.0	0.0	0.05607534677419126	0.10345372155611288	0.0247389864401722	0.05737914731213273	0.0	0.08190064974605327	0.016145212428473766	0.0	0.45758424798161323	0.0531047121559674	0.10103941043241427	0.16978186480539098	0.11768568315902252	0.0755714343943411	0.4075401739918875	0.6111372837336313	0.5154145061083953	0.3778712764420116	0.05664445950027587	0.329797315718709	0.5840450105068827	0.1083720947888857	0.11282318813132684	0.5089418808355343	0.6488835004239512	0.3469443609429443	0.5978004082969326	0.0	0.6579299248041334	0.5389459776822018	0.0806108870116493	0.37030596700265583	0.0	0.41392849827569184	0.0	0.3186693873845013	0.6335490035266719	0.056881346682970645	0.33670676315068887	0.4246518425430063	0.31473252002182744	0.2225172122806416	0.12431924577926172	0.5474201413125492	0.08970390174331207	0.03828842090622103	0.6834411717932981	0.5030179291785069	0.07952580671012775	0.0466117912929815	0.11164310302591898	0.4237556933631652	0.013533824440239615	0.020541494232251628	0.6186702721433722	0.015809225966496875	0.09179804208885205	0.150200128183268	0.041071546276092316	0.06391714141319353	0.5467095756110841	0.05514703653969571	0.37685519933508504	0.30785685464797147	0.2022080380984719	0.39086382561499267	0.0	0.27505593923431054	0.31816464895192265	0.7529629346021671	0.0	0.12718463200480096	0.6402335326319106	0.10707012452633266	0.5172988392404606	0.13310029458489922	0.6196977639858285	0.0	0.04802675656633762	0.07572961909128512	0.42577051101005353	0.0	0.7581963230740829	0.05528672564145401	0.06038357283719422	0.6556644617355325	0.3592617602962256	0.13261346413993805	0.0	0.008366030518638722	0.0	0.059468945120584586	0.43768547318192647	0.0	0.07111766302833117	0.032429410324439925	0.5978703204401759	0.04802306034316797	0.0	0.0	0.0152304720642047	0.005058463153378412	0.08397879239918617	0.0	0.024285403305911137	0.09688531456800466	0.0	0.0	0.060857137617542315	0.07463663002332388	0.08905164258058273	0.0	0.013564349478479962	0.21182622975948606	0.013488125885063833	0.022796811370598247	0.06635053006838454	0.16941968415983244	0.06452606176136902	0.06936352830914293	0.0	0.06785044528369347	0.06330723213649612	0.0	0.0	0.14363213703058855	0.1439085539975929	0.0	0.06657506679648759	0.0	0.12151837342577076	0.13165230682445017	0.12919076796051954	0.10894792121624845	0.0	0.04413201939466411	0.0	0.18242325733170997	0.10381032863326907	0.0	0.0	0.012881209772648807	0.09715141224293948	0.04483044843121495	0.06977134457555695	0.0	0.0	0.0	0.032392470179418674	0.10764040793661409	0.0	0.1407572561316075	0.0485984860996742	0.03247427385592471	0.0061472686919503755	0.036098425633682804	0.021539352276908726	0.010835792808355444	0.0	0.0	0.0	0.046911975755506034	0.0	0.18746683256987495	0.07101517853242612	0.09372631544074339	0.0	0.03869162094669886	0.015156486976458267	0.04832628395971575	0.05414486915109967	0.07524953831076976	0.13346442582624277	0.07415146810468717	0.048521950765873935	0.045471807394372066	0.03127909070612945	0.16481318116803576	0.11086966893343048	0.036072489404300585	0.0	0.1320803654891892	0.07836897935484012	0.01737563462956827	0.0	0.0	0.07100015923550362	0.0	0.01942118017476506	0.0	0.023664883625953703	0.057178033209656844	0.12423668596830001	0.006336426962782234	0.03418870994381837	0.09454252021273485	0.060091753407798654	0.10754220317613133
araE	0.032407318465608945	0.0	0.08816252655737225	0.1567382654705472	0.04516335708042485	0.028963123648876	0.0	0.0	0.1039653001622665	0.45758424798161323	0.0	0.20642228116145986	0.0	0.25281711083409736	0.10443667889132921	0.26518685734343167	0.4966115527117946	0.6194794868409436	0.5493783458544744	0.49970298112571937	0.0	0.4278200994307758	0.5891502979779835	0.19448716328450577	0.0796716196064424	0.5024636736006598	0.4793290459737471	0.2968279128635861	0.5281477790880342	0.0917538970602272	0.5030861570975146	0.4086864143800859	0.03955528969883924	0.3006114740779615	0.0	0.37487862547110307	0.12152499994742143	0.3747374322384783	0.5814940756122455	0.09751831516060623	0.2299251110334963	0.44740259337436733	0.26144248316206453	0.29280962429804236	0.09127177219629275	0.5040728016538344	0.0	0.04630488406848257	0.384269797208269	0.5772797732038807	0.07403937820355108	0.05603671950005388	0.060404590721711275	0.372890666321987	0.07773480948421395	0.04792349206463868	0.41734381900092204	0.0	0.11520438178806867	0.12329240689269982	0.16250220460849205	0.08011798008400213	0.5648484924682982	0.170698388850317	0.36804269977436394	0.39554577143569697	0.15061748262738023	0.4715447149532296	0.06550743726628494	0.2258184433799461	0.38249848256966323	0.3618624135558728	0.03820023997268586	0.07843754785847935	0.4850565522323108	0.0	0.722483619192498	0.053418914516133446	0.26340122172076563	0.0	0.10690739646672599	0.0062359818047094916	0.40455298661489225	0.111217278684647	0.5008734951430889	0.0	0.0	0.5417203505740601	0.33162940411747466	0.2156254025301507	0.03684536034604813	0.00036787729533366796	0.03589140457506061	0.08125636909556398	0.4592053670121859	0.0008072295779561197	0.07705684270836148	0.06973184947992514	0.529485936434238	0.1439692396205784	0.0402927634414214	0.10111043987125122	0.0699147079916873	0.03512651934741283	0.01503419138568932	0.0	0.10616601246452573	0.08122833993134963	0.15333928865860774	0.0	0.010805674636020213	0.18041703220839797	0.05767065439158439	0.06597894653126433	0.06470681443470212	0.22056714040093187	0.108481063766189	0.0	0.022292666040828673	0.06099448353271472	0.0	0.03594169811896849	0.0033685650360898017	0.044736102517033305	0.026872669852372452	0.0	0.06394285423769158	0.07038874334487875	0.08934853429849374	0.00250700377567016	0.03134566576654795	0.04339355092475217	0.046657177356081755	0.11568407255809601	0.04794342516755046	0.07650151481219264	0.008525360295295993	0.017260086274396434	0.0	0.1294156380750945	0.09580309558777671	0.12578690826034844	0.0	0.039243268245063925	0.0	0.05708319533830027	0.08820822835749746	0.04038040532024986	0.0801533468437342	0.0	0.01227446381782109	0.0473180849808767	0.06855964046597135	0.0	0.049899923744313235	0.0	0.2901867454170629	0.11281776218970598	0.0	0.10062573965798713	0.029295465439295103	0.0	0.037723653681051184	0.0	0.014426925975962844	0.04386910101101076	0.0	0.0197410071361962	0.009846070849415987	0.0	0.013746589119503189	0.15119575176648387	0.012333278442423875	0.05453260510718016	0.0	0.0	0.0763687907989792	0.0	0.03997747441394352	0.05598938657731801	0.20899029722648005	0.0	0.0	0.08620989707327889	0.06541748456870261	0.0	0.05371105526131181	0.035648830105357125	0.03944716369047998	0.0731540113725669	0.012672162759878496	0.144082505602389	0.01827502662121178	0.0	0.020167017860588016	0.0	0.0	0.0989704490050581	0.1283934755377237	0.02398264063152317
xprB_dsbC_recJ	0.17551380561280422	0.34604600072080005	0.08681679817411453	0.10707218223763583	0.12238626190323537	0.17099749430833008	0.13399408783259362	0.21338084628936824	0.22292911056017622	0.0531047121559674	0.20642228116145986	0.0	0.1629145862464663	0.12804610992943072	0.0	0.0	0.0	0.038665280823111825	0.03463209661111813	0.0305392843040112	0.1980562457972799	0.054667118308756826	0.05835636604049876	0.0	0.1318313501664104	0.0902127970251083	0.08627142911993796	0.09856110054084939	0.10777903379145347	0.138561343345408	0.14034935977168747	0.02592723693800106	0.1198058657808445	0.028485340654885744	0.06223598294493101	0.0	0.0	0.04224036466511748	0.0	0.1697714780599665	0.08993512320574851	0.1145700868150721	0.0	0.025638363239602426	0.0	0.08860163595432977	0.0	0.07563105125561416	0.22950583977096156	0.0	0.016521701616321438	0.15244413628731487	0.0	0.0	0.05867861298194748	0.1753980615241451	0.04196098617387752	0.03623455880193882	0.0	0.06380783057422755	0.04177752147785512	0.11479664254462349	0.040325574938536946	0.06831337834997284	0.0	0.006450963886077154	0.07912661733814495	0.044557043124346954	0.048648949777325305	0.042478190547802296	0.0077998875848229845	0.0752037343031928	0.0	0.0	0.0	0.005547862028152018	0.10592211511994647	0.02797065617669455	0.09421784351013751	0.07723148694223571	0.050357014927157946	0.15470158088943783	0.05329681237481222	0.23734412472056649	0.0	0.04761262401627255	0.034145531985058736	0.0	0.012912611265604767	0.0	0.09605880020458911	0.0	0.018129484122315298	0.0	0.0	0.0952557821721523	0.0	0.13898877257312373	0.014696170484913243	0.0	0.01756715758138668	0.020012995735145218	0.031322340518332284	0.026851366812658862	0.03480357468279693	0.06842964596326376	0.023088809916673968	0.0598851437532671	0.1359709621609522	0.0	0.07775549478351589	0.004145040198307422	0.03504309413410988	0.09980759041177255	0.017947123560153776	0.0	0.02876298058280361	0.18449328714565297	0.058775470887883784	0.005844441220171518	0.00667168732003782	0.1059084094660882	0.01645099468815104	0.021029131029247323	0.03781230884101691	0.0	0.12279524876137637	0.0	0.0	0.0	0.06637836356424202	0.0734665286095435	0.13989215026828916	0.0	0.0	0.008768822621787067	0.0	0.0	0.0	0.00876129775010732	0.0989612183720166	0.0	0.10404841938483561	0.059056742384393984	0.041159008589660984	0.09965301994336365	0.0	0.06357466811091891	0.05198293555888374	0.0721651120861861	0.06282112536702218	0.061876003107847216	0.08024113470326873	0.0	0.09230350186565207	0.07189795830215161	0.0	0.10855211903098097	0.03854824043193543	0.0	0.0	0.02117277635544912	0.016802758754084723	0.08397535043935758	0.07920243484271763	0.0	0.05921576199460852	0.004460701199989291	0.0217891606546434	0.016290634369513952	0.0	0.09212459348275867	0.019417218128398275	0.0	0.0636768884580867	0.0	0.01950309421975094	0.04584611485186453	0.0	0.14066691774561899	0.018452549625126834	0.14853522655568724	0.0	0.009734011262574878	0.07983127772382607	0.10139293409197815	0.0	0.038025873786301845	0.13202697000794317	0.06547468702381551	0.13423919536663326	0.0	0.11365293528777683	0.0	0.04416233067760185	0.02530648541620034	0.0	0.11003979955146609	0.0	0.055740606672042906
lpxDA_fabZ	0.19714867079564188	0.13572344297966465	0.1284393423310437	0.010694815241560454	0.57016997296361	0.0	0.41120612113974103	0.3835783867659851	0.43591351546616935	0.10103941043241427	0.0	0.1629145862464663	0.0	0.0	0.054194309536398505	0.0	0.006843107677098776	0.010007362507816626	0.02716216914289679	0.10684344349069418	0.07146593812482238	0.07117307891385861	0.0	0.1152830131162396	0.23810133374935952	0.014200856404385408	0.03600695701045743	0.03915790542777183	0.1281483484525	0.1692998552701927	0.03305176617092657	0.061288420145218375	0.2602875405037771	0.028604878292681494	0.07933602737238274	0.1169206094960844	0.0	0.0	0.029264690111222794	0.1332213772125843	0.0	0.0	0.0	0.0	0.023980223633951102	0.034331014740782595	0.06681987907748034	0.012476135857194091	0.09373142611302497	0.03986409724776576	0.0	0.09312668643930079	0.0	0.07293428404464028	0.0	0.38039210964650894	0.07599933163243036	0.0	0.0	0.0	0.023578242534869995	0.40416508490771896	0.0	0.022443828575469435	0.0	0.0	0.0	0.16753871015005362	0.05937251654015953	0.0	0.037290674008937236	0.0	0.027826384767632783	0.028533363905165674	0.012306977637499933	0.0	0.0	0.0	0.0	0.05173271252574498	0.04579999517792545	0.09711291395810921	0.0214111890272014	0.20411619273659784	0.0	0.15864723736464487	0.0	0.0052316984280658466	0.0	0.0	0.4153226102547877	0.1018547027863438	0.026441226146514174	0.0414052678030502	0.0	0.030385907379207683	0.08014371715394561	0.7251254946557907	0.09398715503511401	0.09277197154438098	0.047365365956600486	0.03661993570533451	0.04096036384947566	0.05209286592441712	0.0	0.0	0.02546851724425014	0.020717043959276604	0.0	0.0	0.1190329120022426	0.0	0.009197697349266407	0.14306350714922833	0.0	0.0	0.04547106560745	0.21969277986316116	0.0	0.04142184816257141	0.02221080533438217	0.0	0.1178295363558525	0.07566667604340567	0.0	0.042919668748377604	0.011488948528109218	0.008735964527376199	0.0022297353666478927	0.0	0.0	0.018382442153319325	0.03716685332624674	0.02377740937331026	0.0	0.0	0.039319106058975706	0.06663493606225877	0.0	0.0	0.0	0.019225544345576665	0.007411694535826961	0.0	0.0	0.1805166308566893	0.0	0.0	0.0	0.04692064947513146	0.1522711459856785	0.009628791141845967	0.15260270644924798	0.0064429591509750275	0.012618128936981785	0.02684410315991408	0.0	0.0	0.016269528422982432	0.0	0.0	0.0	0.004216919647703446	0.0	0.03572529573841397	0.0658541029381207	0.0	0.047580705392026204	0.0	0.0019985438440870483	0.0	0.018458319895077513	0.011753409293438832	0.0	0.09970672735521696	0.0	0.0	0.0	0.0	0.0	0.06543101451913727	0.0	0.0	0.0	0.031548429697895425	0.0	0.04744887410159057	0.061819616296859295	0.0	0.09569062083128455	0.025144551207338134	0.0	0.0	0.0	0.039080784919462236	0.09008082831527534	0.0	0.0	0.0	0.04436507036694139
