	lon	rpoH	mopA	htpG	rpoE_rseABC	ibpAB	ecfABC	ecfH	fkpA	crp	araE	xprB_dsbC_recJ	lpxDA_fabZ	ppiA	dnaA	ptsHI_crr	cirA	cyaA	speC	araBAD	clpP	nagBACD	araJ	nupG	ecfK	fur	yhfA	srlAEBD_gutM_srlR_gutQ	fucPIKUR	mopB	mglBAC	malK_lamB_malM	uppS_cdsA_ecfE	fecIR	sodA	tnaLAB	deoCABD	fepB	glgS	htrA	acs	ebgAC	araC	ansB	fnr	himA	cytR	narK	gntKU	ivbL_ilvBN	icdA	hflB	arcA	fhuACDB	frdABCD	ecfD	malEFG	narL	appY	dcuB_fumB	focA_pflB	ecfG	melAB	tdcABCDEFG	gltA	fixABCX	hypABCDE	fucAO	nuoABCEFGHIJKLMN	aceBAK	caiTABCDE	malT	nrfABCDEFG	tsx	gntT	cydAB	manXYZ	appCBA	ompC	yjdHG	cpxAR	htpY	malI	dnaKJ	malS	grpE	deoR	pspABCDE	sdhCDAB_b0725_sucABCD	dmsABC	ostA_surA_pdxA	FruR	marRAB	cyoABCDE	tonB	soxS	nfo	rpoD	uhpT	caiF	bgr_oxyR	bgr_gorA	bgr_katG	bgr_nlpD_rpoS	bgr_ahpCF	bgr_dps	bgr_himA	bgr_proP	bgr_crp	bgr_yhdG_fis	bgr_osmY	bgr_osmC	bgr_hns	bgr_acs	bgr_fnr	bgr_fur	bgr_cspA	bgr_rhaBAD	bgr_rhaSR	bgr_araE	bgr_nagE	bgr_rpoH	bgr_dnaA	bgr_cytR	bgr_tonB	bgr_mopA	bgr_gltA	bgr_speC	bgr_fucAO	bgr_nupG	bgr_deoR	bgr_malXY	bgr_fliAZY	bgr_flhDC	bgr_lacZYA	bgr_lacI	bgr_caiTABCDE	bgr_caiF	bgr_narL	bgr_malEFG	bgr_manXYZ	bgr_mlc	bgr_pdhR_aceEF_lpdA	bgr_proK	bgr_ansB	bgr_valUXY_lysV	bgr_pheU	bgr_cyaA	bgr_proL	bgr_pheV	bgr_flgBCDEFGHIJK	bgr_ubiG	bgr_araJ	bgr_ibpAB	bgr_gntKU	bgr_gntR	bgr_sdhCDAB_b0725_sucABCD	bgr_tsx	bgr_fhuACDB	bgr_aldB	bgr_rhaT	bgr_fucPIKUR	bgr_glgS	bgr_fliFGHIJK	bgr_mopB	bgr_malT	bgr_hypABCDE	bgr_malK_lamB_malM	bgr_tdcABCDEFG	bgr_metT_leuW_glnUW_metU_glnVX	bgr_osmE	bgr_dnaKJ	bgr_clpP	bgr_hflB	bgr_nrdAB	bgr_tyrTV	bgr_aspV	bgr_glcDEFGB	bgr_glcC	bgr_narK	bgr_mglBAC	bgr_arcA	bgr_dcuB_fumB	bgr_ompR_envZ	bgr_fliDST	bgr_uhpT	bgr_yiaKLMNOPQRS	bgr_argU	bgr_ptsHI_crr	bgr_pspABCDE	bgr_fixABCX	bgr_nagBACD	bgr_fliE	bgr_serT	bgr_gyrA	bgr_rcsAB	bgr_entCEBA	bgr_cyoABCDE	bgr_araC	bgr_icdA
lon	0.0	0.06598574002930929	0.0424874774091838	0.04338221032592195	0.02129108237707428	0.6366612134744807	0.015193531306715042	0.1511133958602129	0.04624671871642365	0.04630678116091352	0.0	0.09570709472281394	0.08064827970298788	0.0	0.031145519602045268	0.11884394915244374	0.0	0.0	0.0068145240113758505	0.0	0.0844394664024288	0.0	0.0	0.0	0.11555077628600971	0.0060320593964079084	0.0	0.0	0.0	0.16036726593196052	0.0	0.0	0.04136824652175439	0.0	9.238780035580753e-05	0.0	0.017432275757791393	0.007443618924901682	0.0	0.052844910562870794	0.06797703328336788	0.0	0.0	0.02450920659806739	0.0	0.03536075188783683	0.07412204642136913	0.03383416349213844	0.0	0.0	0.007076764080881322	0.07148825049942649	0.0	0.0	0.029972313783653053	0.11989985814450596	0.0	0.0	0.0	0.006150092080719768	0.0	0.016025038517062697	0.0	0.0	0.0	0.0	0.033272814678534365	0.0	0.0	0.0	0.005961202645481344	0.023126822467037112	0.023750907698505	0.015351228416174447	0.018371940315855442	0.0679313608064859	0.0	0.008197636093536057	0.0	0.0	0.029147916227531673	0.07745174073736766	0.0	0.6661733739608097	0.048897700284426984	0.06059043079793984	0.027672369184676186	0.0	0.0	0.028399522392507915	0.029502002364104007	0.05337382798668425	0.04200988826999445	0.018066378308662825	0.0	0.0	0.0	0.04553144110902295	0.0	0.0	0.5502096636193279	0.0010903674559260839	0.0	0.0	0.032519002493713645	0.008437151376647668	0.013865622945396228	7.271765243258524e-05	0.030717895443193925	0.0	0.0	0.0	0.011419871899255385	0.012265689801604855	0.00204456119657661	0.010049449492509329	0.0356812523320542	0.0	0.0	0.055505438318909146	0.00555126845685047	0.02838340784132851	0.0	0.02798318343013804	0.04578545904639092	0.023008565905657738	0.02602117691305432	0.0	0.04639701275037848	0.002807413122685334	0.022482605009762468	0.0	0.0	0.0	0.05187526166719561	0.00518708938263877	0.0007666093258996368	0.0	0.0	0.0	0.0	0.0	0.05987695338677995	0.0	0.015805650399639454	0.02109945351823904	0.04426236348177681	0.0	0.02791188365023042	0.030942697354545388	0.0008132398778990698	0.0	0.0	0.02060628899193431	0.006454449059527052	0.0	0.0024650175314909375	0.05693187621761609	0.0	0.0	0.0	0.04016709026864491	0.05861208025287852	0.03669159494003549	0.008879877100189466	0.015067608013059399	0.03900155685541313	0.006283623845080862	0.01323733241008827	0.0	0.0	0.016475714754787405	0.0	0.0	0.004151851846948014	0.016745783672424068	0.0	0.017276175561001753	0.0	0.0	0.024272944035640395	0.001561791591603796	0.0	0.0	0.0	0.015156334315504725	0.09035773377292107	0.0	0.0	0.14082085302714387	0.0	0.0	0.016051441836914964	0.034622438772911636	0.0	0.0	0.0	0.0	0.021752057203810075	0.0
rpoH	0.06598574002930929	0.0	0.05978539599519141	0.07657498539683696	0.0818526663790857	0.07004832566296504	0.036669000633534794	0.06892171201527746	0.1209686213430982	0.013155958068227482	0.016523875766347913	0.06060993119140203	0.02900856391303013	0.08325653787224242	0.04286709309222517	0.01780403293776365	0.023926785657210625	0.02814558976476747	0.0	0.0	0.06861292129343784	0.0	0.022134176339823827	0.009001911175896878	0.024007335907495132	0.009107434488000474	0.0	0.049497062629076084	0.016499117290131805	0.684790756989116	0.0	0.004643641548467404	0.03461897665336957	0.0	0.0	0.001640524935682028	0.0337774721498727	0.04172548704625188	0.0	0.6675370926717483	0.0339606731031464	0.058702562544643844	0.031180931480182007	0.0	0.05563309178960791	0.0	0.06004683966396917	0.010687563987065302	0.005531138588195606	0.021125163779279532	0.0	0.6213224027243124	0.0	0.0	0.027219566299470383	0.045691488843936826	0.0	0.04857579112777703	0.0	0.014146706956583073	0.06373059834712551	0.04814826106671927	0.0	0.035333619422906325	0.0	0.0	0.014551397876981875	0.0	0.01430832292862603	0.010501379824297078	0.0	0.0	0.0009452195237993664	0.05908855102655033	0.015585303665497312	0.0	0.003049363358335692	0.0	0.0	0.027530946316256303	0.03096611551810112	0.08371646840633186	0.0	0.05694259391458399	0.023404013920331364	0.06260598251587117	0.0	0.0	0.021050386380102096	0.00888968649751896	0.035707361682438495	0.0028563769239505223	0.0	0.0	0.022902384309849956	0.0	0.0	0.04261709615076877	0.014787790942728526	0.03250462178042985	0.0	0.0	0.0015718167929883757	0.02793492588718425	0.00966748865432447	0.0	0.0	0.0	0.012542371214309846	0.0	0.0	0.0	0.03237413168449366	0.0	0.013834084249475907	0.0	0.0	0.0	0.0019292480169865176	0.0	0.0019077134940260873	0.011432853170102633	0.0	0.04669628274097946	0.03444307390795642	0.0	0.0	0.0	0.0	0.0	0.0	0.026374237989959186	0.0	0.0	0.030436976835211224	0.006858598861926474	0.015380144767333051	0.0	0.0	0.0	0.0	0.0	0.04160696607950774	0.0	0.013243224180963858	0.0	0.01296516116537712	0.5379900164289669	0.0	0.034334954741765795	0.027439232138156775	0.0122915373285082	0.0	0.0	0.0	0.0	0.0	0.022728406466474716	0.0351117767904222	0.000570946632077088	0.003342579758174107	0.04457340087064285	0.05274188766930221	0.00973496627713058	0.0	0.09201303789742357	0.059610477441669106	0.0	0.06579951107361291	0.0	0.0	0.0	0.0	0.0	0.0	0.0	0.0	0.0	0.005614290035679821	0.0	0.0	0.011989195244883542	0.0	0.0	0.047195788993470864	0.030519191689656177	0.0	0.07422181983452847	0.0	0.06818591029244901	0.0	0.027623205612548322	0.0	0.0009781028416380913	0.0	0.03056406535031839	0.0	0.04495869275629093	0.0	0.0
mopA	0.0424874774091838	0.05978539599519141	0.0	0.05807672211917228	0.0	0.10842566557174062	0.05152404496577606	0.03314230758188548	0.04208364314555502	0.016065330884951184	0.0	0.05171425246079559	0.05045951113799578	0.009857674632430894	0.0	0.0	0.0	0.005656414933481711	0.018996737532873967	0.0	0.05016138662069585	0.013744144512669709	0.0	0.019108926676094866	0.05364621099313011	0.0	0.036232248829987414	0.0	0.048473820576498614	0.07551396423933499	0.0	0.028983817153745702	0.04437111461084452	0.0	0.0	0.0	0.0	0.00494374148262894	0.0	0.048614844319210676	0.03933912978538844	0.0	0.0	0.0	0.03637526437010114	0.05388947618989942	0.0	0.0	0.0	0.0	0.006060157590202709	0.09685697751298306	0.0033621678253108107	0.0	0.0	0.05154178411634558	0.04605263649726745	0.04823245663519207	0.008609350077829188	0.0330069591317276	0.0	0.05266139493229144	0.004990217947191561	0.013633440406775702	0.0662009900541416	0.0	0.008572637341196296	0.018727647292913114	0.0	0.0	0.01043320214740856	0.0	0.012221609534047134	0.0	0.024385854861082704	0.09068434507653303	0.011126013529515007	0.026974927652047596	0.03287686239134043	0.0	0.03596182807603963	0.050177768480538565	0.0	0.6443704854012896	0.0	0.06429454603103915	0.0	0.024064366375444488	0.0	0.004520969071052486	0.03158615848899161	0.03807899399395307	0.0	0.0	0.010727620355030698	0.0	0.03257230133968017	0.09560198882135643	0.018037801801557615	0.0	0.0	0.03404538725118727	0.0	0.0	0.023997555346213856	0.026463680965526027	0.0	0.0	0.0	0.0011420369941251194	0.016714640848251486	0.005639755970229825	0.035116136291164605	0.0	0.024033387342375583	0.048477412959932645	0.00589805615139246	0.012226568679779927	0.0	0.04626628649509802	0.0	0.0	0.0	0.07701040156076451	0.0	0.021682081751834312	0.036649838895232024	0.005958861782451073	0.0	0.0	0.0	0.015953439564012194	0.02341370686437385	0.0	0.02728513793261508	0.0	0.001313476662072002	0.0	0.01225686447928665	0.10914952972529808	0.0	0.0	0.0336682781501898	0.0	0.0	0.0	0.015327083167330741	0.03017674541735899	0.0	0.00753589489043456	0.0	0.0	0.0	0.0	0.0	0.0039045539524234806	0.0	0.0	0.0031384527582885174	0.023730277615906792	0.0	0.0	0.0	0.03615413812129334	0.027426358606737682	0.0	0.0	0.0	0.06692384828011907	0.0	0.0	0.02740982718803663	0.0	0.06397499918250442	0.0	0.0	0.05627028735591271	0.021177321574053026	0.007658028992426669	0.009078744354249808	0.0	0.03679637480647894	0.01644770026761862	0.0	0.0	0.0	0.06701471885272785	0.005358403951944661	0.015617894274000675	0.0	0.0	0.00911050850245744	0.0	0.0	0.02492564347084231	0.004198010374067933	0.0507304318549378	0.035242585295801036	0.06321048843929193	0.008517438370064937
htpG	0.04338221032592195	0.07657498539683696	0.05807672211917228	0.0	0.022465667669310203	0.07975906575854987	0.034205285006302356	0.04060695395770937	0.04098909880961856	0.0	0.02300964273760342	0.08585627868419679	0.07945475086546462	0.0	0.016730378391020526	0.0	0.0	0.01449940322392393	0.017640460551351725	0.0	0.04780595013400298	0.0	0.017036800105749858	0.04690078934216944	0.14584453767871708	0.0	0.0	0.0	0.043330945565062465	0.6423552432340512	0.0	0.053591995826537786	0.03698285749379106	0.0	0.0	0.0	0.0	0.0	0.0	0.10724324068549121	0.0	0.05408235318475755	0.018131434682107764	0.01622995641023733	0.0	0.006143857066375548	0.01846174414877545	0.0	0.02380247186930519	0.0	0.0	0.013599182392039435	0.0	0.0	0.006948655947714403	0.016972727006813234	0.0	0.0	0.0	0.0	0.0	0.025728717593735306	0.0	0.028738660002468382	0.0	0.012997887062384547	0.0	0.07892344131343576	0.04872991276379408	0.0	0.0	0.041136811341843375	0.024811882580472462	0.005506085519794359	0.0	0.015021081373355186	0.0	0.0	0.0	0.00439829272811726	0.07144775176077979	0.062098607427700084	0.0	0.04612090024897972	0.007608169029505682	0.11088641489336702	0.0	0.0	0.0	0.0	0.03244510421971998	0.0628512287213018	0.0	0.0	0.0	0.03385930884377709	0.0	0.04814704882001663	0.01083624220484738	0.0	0.0	0.0	0.0	0.08342986708937497	0.0	0.0025193778564228174	0.0	0.007321884521893251	0.04666576492855764	0.0	0.03248453774754277	0.006678590743144122	0.0	0.016282009040212948	0.13201167763501706	0.0	0.0	0.0	0.019486809206484754	0.0	0.0	0.02797041437072068	0.0	0.013076774664462616	0.02490969683032036	0.0	0.04437207515691961	0.0	0.007645897996282952	0.0	0.046457057421436306	0.0	0.0	0.0	0.0	0.0	0.5384708232975144	0.0	0.0	0.0	0.016357056551929407	0.0	0.0	0.0	0.0	0.0	0.011881765290008445	0.10836669934605776	0.023983062086175223	0.0	0.0	0.016772602652611476	0.016813109288534665	0.0	0.0	0.03067567645748819	0.02751177250491759	0.0	0.06933277983684456	0.0	0.0	0.0	0.019457449848448945	0.028757448852463778	0.02792672287692894	0.028209020617762058	0.0	0.0	0.0	0.056520481480722806	0.029444138591404632	0.0	0.0	0.009648069044419786	0.0	0.04775575788679208	0.0	0.0	0.052146022361127704	0.03712069002920266	0.0	0.030656447158336958	0.02667175997497695	1.787875162643424e-05	0.03375671084301394	0.0	0.0	0.00016538273773054028	0.0	0.04525534627824032	0.0	0.03805196214634882	0.014583014174935242	0.039902162177945816	0.0	0.00859565461238761	0.006927163228802932	0.0	0.0	0.0314161191380804
rpoE_rseABC	0.02129108237707428	0.0818526663790857	0.0	0.022465667669310203	0.0	0.041511415058334555	0.6943461578483563	0.04110001637055474	0.08683262591134051	0.0	0.06453640625702634	0.05699800542107741	0.05389350686120385	0.010704689494898164	0.0	0.0414620048048316	0.01631717251892366	0.041732688721900016	0.025277186956340025	0.04086820610972097	0.0	0.0	0.0	0.11108215258534647	0.13927527759552868	0.0	0.0026325089855661365	0.03937665180761842	0.0	0.03739571971296199	0.0	0.0	0.6969608499004464	0.006009551764265431	0.0	0.0	0.0	0.019277443227001142	0.0	0.04762246509796972	0.0	0.0	0.02209516843810033	0.0	0.008240971819544456	0.09702052319920765	0.0	0.0012856583230045078	0.0	0.0	0.02106942487107175	0.0	0.0	0.060536547539425924	0.005274964222626854	0.07962189229104136	0.0	0.05064852338724651	0.037961465324663345	0.05230793093842434	0.0	0.07065602260821852	0.04063499138439588	0.0	0.0	0.0	0.012601047344036598	0.011934654686671126	0.0	0.05380715678695232	0.03370487895411344	0.01735777924238768	0.0	0.0	0.012071870633688205	0.0751241261043422	0.0	0.0	0.07542412974180719	0.0	0.0	0.043893845749569664	0.0	0.10914980357867839	0.0027730536984827995	0.047245009591999884	0.01373912619525387	0.0	0.0	0.0	0.05122704800537251	0.0	0.0	0.0	0.0027289406027769286	0.09669995822569881	0.0	0.0711198875972041	0.0	0.0	0.0	0.0	0.0	0.028022974346946995	0.0	0.032956406588893955	0.05176480330841543	0.05376245529658352	0.0	0.0	0.029906921648928726	0.02932072576856717	0.07774203112050285	0.006349685778598567	0.0074650784701351626	0.0028866327033303645	0.0	0.0	0.041458770709260594	0.0	0.021806057338430593	0.0	0.0	0.07073952675308294	0.0	0.012495408971962864	0.0	0.0	0.0	0.0016305047912509405	0.07747008462657895	0.0	0.028430404478246206	0.08521966560678455	0.0	0.0	0.09003769188648723	0.0	0.0	0.013198665622612835	0.017675679288507832	0.0	0.0	0.010188060016811119	0.0	0.0180964807739837	0.00044695131173149425	0.0	0.0	0.0	0.0	0.06519729297477629	0.008279981567743356	0.0	0.01228070237580904	0.027446702864846514	0.022281352047126005	0.02148642983630871	0.0	0.0	0.0	0.0	0.0	0.04184117522607554	0.0	0.010425576783973146	0.050367771998932866	0.005381096585328713	0.0	0.010887810321344418	0.006246646829331685	0.0	0.01418597297051979	0.009387420929102731	0.0	0.0	0.015655145056345732	0.009791424752160065	0.0	0.022725180571164558	0.0	0.01632744324481216	0.1535075121058436	0.02931746044729753	0.0	0.02861761609484649	0.0	0.0	0.0	0.0	0.009640470851018853	0.02127240678385996	0.03102208340325727	0.07160899397644159	0.08318610199373173	0.0	0.0	0.0516526291980251	0.005818866874554437	0.004161083568843412
ibpAB	0.6366612134744807	0.07004832566296504	0.10842566557174062	0.07975906575854987	0.041511415058334555	0.0	0.0	0.10678103273204347	0.06948061602111329	0.10378671831106345	0.014551764735339305	0.029861727923178167	0.1308154950495876	0.04045559380159763	0.0	0.0026552193456056564	0.0	0.0	0.027375840127927636	0.01098460741887729	0.6117603693483994	0.0	0.11660297034936998	0.014746494730578036	0.05099337964253118	0.0	0.0	0.0	0.03866156027484698	0.08083879317058104	0.0	0.039708456679810336	0.016848876792128122	0.0	0.02498129019137721	0.021996342637601893	0.006121975286671733	0.016292938951944357	0.04000557834954295	0.07449868419544377	0.006751968938516854	0.01842952637554606	0.041309436117553625	0.00819976282923614	0.0	0.0	0.03290060212306054	0.0	0.0	0.0	0.0	0.06310376309929445	0.0	0.009273281076501659	0.05431560741779096	0.03798464323708961	0.0	0.0	0.0	0.0	0.0	0.03330018336148867	0.0	0.0	0.033715455179596884	0.0	0.0	0.032540593811636855	0.031037588507097067	0.004204394817163214	0.0	0.0012764416416627265	0.0	0.013450580339263205	0.0	0.0	0.0	0.0	0.0030050289621792333	0.07023342817622615	0.02421970898234057	0.06506493992790784	0.0	0.06229660615737797	0.004755129816860722	0.04096505335668081	0.0	0.0	0.014892913962689847	0.02241979836902629	0.025591720229486824	0.03340176075559403	0.01295151343167029	0.0	0.05552231944207454	0.0	0.05673894171752797	0.008132466869938673	0.0	0.07232571502378358	0.0029723758955942856	0.005743253070344918	0.0	0.02025388444527328	0.04119873831199717	0.0024528969237526477	0.0	0.018907804086181448	0.0	0.0	0.0	0.0	0.017344272051224983	0.0	0.047410359695070195	0.0	0.0	0.0	0.007646064955908735	0.0	0.09388260620217259	0.026945145717916685	0.0312917538923403	0.0005636472928676465	0.0	0.0	0.01913790340150647	0.0	0.050368618780976586	0.0	0.0	0.0	0.0	0.0	0.017478035540952383	0.031347729984662884	0.04221754014968616	0.010454401211906848	0.03985652037330624	0.0	0.06363038393352047	0.0	0.006090149840119821	0.0	0.00011770046497732035	0.0	0.025327551678372674	0.0	0.0	0.05667775605288145	0.0	0.0	0.00936544727721195	0.0	0.011633156172145985	0.019095266707652225	0.0	0.0	0.0	0.026002932235949964	0.0	0.0	0.006578418621225811	0.0	0.031065592270504358	0.014802070150096578	0.0	0.0	0.0	0.02384144089865193	0.0	0.06862216835147049	0.03662442839544385	0.0	0.0	0.035277191832615386	0.036896257920203464	0.008145560534286295	0.0	0.0	0.0	0.12561116144173406	0.0	0.04358734329613269	0.0	0.0	0.0	0.0	0.006780216493388274	0.0	0.0	0.0	0.003324607099524921	0.0	0.0	0.0	0.02233054567908558	0.0	0.0	0.0
ecfABC	0.015193531306715042	0.036669000633534794	0.05152404496577606	0.034205285006302356	0.6943461578483563	0.0	0.0	0.055090127647847674	0.0656209941860356	0.0	0.0	0.02759420083066639	0.13721479037077078	0.03114358252322528	0.051266681475212184	0.03419242790757091	0.0	0.0	0.0	0.023837591031554677	0.07881341436910537	0.033801921505246565	0.0	0.0	0.08119815073974412	0.02946684067151574	0.048315626708264905	0.031299819959484054	0.0	0.06374017839472484	0.0	0.0	0.07177476600062639	0.011754925609339559	0.006925611085336595	0.01156945403455564	0.021184886927123305	0.026191485317833312	0.057505164434626534	0.07760877552354657	0.0	0.0	0.09462264185543341	0.0017288128942756905	0.023117472025228562	0.0	0.005430980779691682	0.024770103461129032	0.0	0.0	0.0	0.13838220353225256	0.050094559363022935	0.009646152779155067	0.0	0.09046785669490547	0.010246631023164919	0.03292751212110553	0.04965119356913463	0.04306869713462237	0.0	0.07150820429278824	0.05521305257632267	0.0	0.0	0.0	0.004928572791915816	0.042698308553216636	0.0	0.0	0.0617113241899191	0.0	0.0	0.0	0.0	0.0	0.009386365917618187	0.025290864293155784	0.029390117188503675	0.0	0.04286101347933237	0.03119894553097633	0.0	0.06066412890789876	0.055499968338199514	0.033136545546253865	0.014112381024835627	0.020569358549524665	0.0	0.018684897140703392	0.09861523499034841	0.08725094158685952	0.0	0.0	0.0	0.006810384039888594	0.0	0.05679168133606916	0.0	0.02185340436073039	0.0454154030114168	0.09495984278086335	0.0	0.03626396222540831	0.026061689736977308	0.001804317652010942	0.006385896686259806	0.027176671309694148	0.0	0.0	0.0	0.0	0.0	0.0	0.032978559792248466	0.0	0.016091810843174386	0.012073468161211765	0.006064822718639368	0.010862449113772684	0.0	0.0	0.0	0.0	0.0	0.012630273903610285	0.0	0.033930068702329653	0.0040536811406563745	0.0	0.020535347141317616	0.012855597113520405	0.0	0.014577447275654742	0.0	0.033278152148225854	0.056632443101967495	0.049381331602951044	0.016767088449173143	0.0	0.0	0.0	0.0648050132869293	0.027706670024233652	0.0	0.002962966213438759	0.016678247252076412	0.005106260028836753	0.0	0.0	0.0	0.0	0.0	0.0	0.0	0.0	0.018088254042006608	0.0	0.0	0.04838820043226051	0.0	0.02938132181095936	0.0	0.0	0.0	0.06423932629499593	0.0	0.0	0.0	0.04483596441613299	0.042381063645635736	0.006634102061873477	0.019731914000325406	0.0033897668230919377	0.015312698699288127	0.04708130154150218	0.009274743424338627	0.0	0.15958803249443876	0.0068452119350884836	0.015698302323033844	0.0	0.0	0.01538022859399217	0.0	0.0	0.003435123614333101	0.00047046945299156684	0.15992955991165075	0.028055004417165536	0.041181735369470014	0.01385580623737558	0.046957859043961	0.0	0.02576370043539034	0.0	0.0	0.0	0.042120609604035575	0.05376742651835561
ecfH	0.1511133958602129	0.06892171201527746	0.03314230758188548	0.04060695395770937	0.04110001637055474	0.10678103273204347	0.055090127647847674	0.0	0.0740164195022802	0.016772649853618548	0.0	0.06647815733912031	0.04437692161012583	0.0	0.0	0.0	0.050870477231565965	0.0	0.02171122038763455	0.0	0.0750396505522879	0.012744459036616633	0.0	0.0099198798527645	0.08143184441687071	0.0	0.005950975346500468	0.0704245159883554	0.0	0.048062192440957795	0.0	0.0268122311540217	0.15096992933505143	0.025962028395250157	0.0	0.0028283260629537437	0.01428312042727469	0.0	0.004377462630948689	0.04655159382531898	0.0	0.0	0.0	0.09992057103854526	0.03973648029489531	0.0	0.0	0.05084009415710678	0.008364438045394327	0.001266373529519435	0.0	0.02406906971091635	0.0	0.0	0.06253187288898754	0.687716510680777	0.0	0.0	0.0	0.07123157612183535	0.0	0.09109699661804088	0.03171733863750996	0.0	0.0	0.0	0.002720522331894076	0.0	0.1475348017474697	0.030268951500580805	0.0	0.018424573800075155	0.01118133554451924	0.004898758369997807	0.0	0.015674501500271724	0.11921784296992857	0.0	0.0	0.0	0.029561496437109782	0.07335470796963314	0.00253124682357321	0.0	0.01566190999473249	0.15430049002187876	0.038448165759725046	0.001381147428973333	0.020884123816870572	0.0	0.11027202316952713	0.0	0.01979333263167652	0.0	0.020812607698622164	0.0	0.005694633328617817	0.1470377689847887	0.0	0.0	0.0	0.0	0.0	0.0	0.04592925773279926	0.07273474535575276	0.024610052804129617	0.0	0.08106021447126141	0.023097064596137917	0.0	0.008766635825421995	0.007684200590346818	0.0	0.0	0.1140408191254396	0.0	0.0	0.011159370860896098	0.03869695052182288	0.017423889278001318	0.019285800048448962	0.014342011418665479	0.0	0.014822064563336181	0.0	0.0	0.0	0.027413669237624932	0.0	0.03228938645928413	0.0	0.0	0.0	0.026175269010269907	0.024471364598760224	0.07351955598758789	0.0	0.0	0.029840753799338673	0.0	0.0	0.020217239205308237	0.016634854679580452	0.023410547450511736	0.03700316862369935	0.018207106501750246	0.0492576175452602	0.0	0.0	0.0	0.0	0.052322704742851334	0.0	0.0	0.0	0.0	0.0	0.004634470936135414	0.0021095667620272527	0.0	0.011144210208125173	0.015977849806141784	0.1667682410340155	0.003470642667042919	0.02313997763057435	0.05126810597302272	0.043217345105962146	0.017579512543238293	0.0	0.05955623128465964	0.0	0.024203072804678732	0.0	0.024530639580761817	0.016602056117934846	0.025813947821065376	0.0	0.02411634143972493	0.09808703917786543	0.026244685217883878	0.0	0.010202793917317881	0.021111784892531835	0.0	0.05682969249750853	0.0	0.015160423418995986	0.0	0.0	0.07080210634467564	0.0	0.0	0.017119413052755397	0.017823431882044383	0.0	0.0	0.024838588562813155	0.0	0.010708161761192977
fkpA	0.04624671871642365	0.1209686213430982	0.04208364314555502	0.04098909880961856	0.08683262591134051	0.06948061602111329	0.0656209941860356	0.0740164195022802	0.0	0.0	0.0	0.07802172130195749	0.15056723251231266	0.0	0.0	0.06134241929542243	0.0	0.0	0.0	0.0026740205422175725	0.0854139819306772	0.0	0.0	0.01938226047159689	0.07589218844568937	0.0	0.0	0.05357672704994146	0.0	0.07225510968716757	0.0	0.016963340947957796	0.753720228184209	0.022636740073693505	0.0	0.0	0.04662456328003559	0.0	0.0	0.06132393467270422	0.05236122460173859	0.0	0.02002445015437617	0.0	0.012466147175882276	0.0027012356480020385	0.04164731690529716	0.01609044001775057	0.0	0.0	0.003921595513153454	0.03115934474703738	0.0006410004710262695	0.010036545120186865	0.03581621668229083	0.11855592358838095	0.0	0.0	0.0	0.0	0.05521743979889374	0.07318385409191012	0.020688778356855026	0.04397995372350962	0.0	0.0	0.09712198195247519	0.009104519377470451	0.020324441963110836	0.0	0.025199587113405066	0.024842332660145204	0.08898996466513227	0.008185180521101384	0.0	0.041449573834296295	0.0	0.04581476614919701	0.0	0.0	0.0	0.0342577104785466	0.0007141720438106156	0.03947704053681917	0.0	0.04474408557370393	0.013038041192871287	0.06906868671085258	0.0	0.0	0.08754550088555653	0.03654773501176535	0.0	0.0	0.0	0.0	0.08349563234669433	0.07040678155896542	0.0	0.0	0.0	0.01522523627819569	0.0	0.019636175200901503	0.0	0.0	0.0	0.0	0.0	0.0	0.0013646486901841264	0.02852332391481374	0.0	0.05417421356043033	0.007425032808234072	0.0	0.0	0.04228493062331635	0.0	0.027780956962790013	0.011286513697652302	0.023863672798353257	0.0	0.015026238560904752	0.0	0.07024008403894852	0.0	0.01829561726162345	0.028744308977610225	0.0	0.08701667115266903	0.0	0.0	0.0	0.0	0.0	0.0	0.06503572736071397	0.0	0.040616371722131984	0.0	0.0	0.09807014524731851	0.02542973646660773	0.0	0.0	0.00861573557846115	0.0	0.052449435436862056	0.0	0.04913788821801625	0.0036916199815614278	0.0	0.014032700453374762	0.016086731892534966	0.0	0.0	0.0037593221115287375	0.0064439681035607654	0.1060355633130073	0.012850536831108277	0.023012973616513544	0.5223335290589417	0.0	0.0	0.0	0.0	0.0	0.0	0.09568984566559131	0.0	0.0	0.0	0.0	0.0	0.045311434143502125	0.0	0.0	0.0	0.0	0.0	0.0498854959477401	0.0	0.0	0.023714691617659135	0.02366883074471597	0.0	0.009912656615427846	0.0	0.0	0.005108715071160138	0.030589776961705322	0.0	0.023722077396774826	0.0359249207140884	0.0	0.04631102813020699	0.0	0.04424531741400336	0.0
crp	0.04630678116091352	0.013155958068227482	0.016065330884951184	0.0	0.0	0.10378671831106345	0.0	0.016772649853618548	0.0	0.0	0.09746707047122356	0.02576659224374927	0.04017801959901332	0.040700168763480704	0.026619277062250268	0.042311609221400474	0.08609575951021152	0.07075838105653787	0.9662372494726027	0.09181997206632694	0.0	0.06763949344344852	0.06211448395744423	0.03662122295363617	0.0	0.10835350329454468	0.1068627765095773	0.062245431214296355	0.08922557411598246	0.0	0.13878918431115334	0.0646494994540873	0.02341304635266248	0.06155400985852324	0.009039993885327034	0.07917069926512331	0.04201024383565979	0.08800811936457133	0.08663630302826934	0.011563286497750501	0.04947340498909127	0.07073188098773445	0.06041360206060081	0.03962474399672724	0.0	0.0746485049695585	0.0	0.044702774261417125	0.14089340031677422	0.09319041247170538	0.0	0.015548941696704646	0.012617851637911721	0.0746145447324919	0.021303805013949663	0.0	0.17638713300721623	0.0	0.0	0.018349034171456283	0.016197208753271488	0.029248061138477898	0.11047949732874483	0.04224397754295298	0.8293785853770357	0.04723511200006661	0.05962831524938884	0.08724333534127451	0.0	0.04869318547375734	0.07029651859214239	0.27549100922221675	0.03704737870023718	0.03701709714121313	0.056333123963171444	0.006244305277949204	0.14137610922181043	0.0	0.12043443084078262	0.016392415344467132	0.0	0.0	0.04999902743846736	0.03784057857327337	0.08287217021753823	0.0027887835084897034	0.04564858205794706	0.08753630222313766	0.047517419765334884	0.046325149865170244	0.0	0.014195962393942343	0.015063150605725462	0.0	0.0638500818643705	0.5773827562469481	0.0	0.0	0.13651495409263362	0.0030195644061520093	0.01078338829554763	0.04833290686922134	0.03712938585114485	0.0	0.0	0.0	0.0	0.0	0.05105791156156772	0.0	0.0	0.0018921604602578656	0.037442245923669265	0.0	0.000499489947984754	0.0008100814653761153	0.0	0.03801822723794017	0.0	0.03910477094283422	0.030409042874907106	0.0	0.025003698020024737	0.039671405490408575	0.0	0.021268842150939986	0.021106905276391263	0.0	0.0	0.04669701959891212	0.00769236305855151	0.007927411003036941	0.037960942820602674	0.03954263567106207	0.0	0.04368074172365303	0.0	0.0	0.037555463886734745	0.043532463266551406	0.03821184395246699	0.02612041768151377	0.04740353636652794	0.0	0.052320975953742924	0.0	0.0	0.0006818065381849499	0.004219463075110951	0.041478124625557715	0.006599962227059303	0.0	0.044289145765723015	0.0	0.0	0.0	0.0	0.0	0.012335793900951797	0.0032641009945998697	0.030700518833073554	0.0	0.022115253332621227	0.0	0.0	0.0	0.02806678456345991	0.0	0.0	0.017531603599121082	0.0	0.02896033674735388	0.0	0.008641956746060483	0.0033338212772320813	0.04528868085372651	0.0	0.04341869165673235	0.016013351227464865	0.0	0.0	0.00797263838015575	0.027869165669476878	0.0	0.0	0.012821853615880278	0.5800715879486388	0.0	0.009598288600344984	0.029644485400999128	0.0	0.05525835436892893	0.0	0.0	0.003127496828046791	0.022322247833399166	0.006433385642721505	0.0	0.008750602680575464	0.5450912213661587
araE	0.0	0.016523875766347913	0.0	0.02300964273760342	0.06453640625702634	0.014551764735339305	0.0	0.0	0.0	0.09746707047122356	0.0	0.0461324900289464	0.0	0.06745763737843014	0.029347640660010693	0.032746339869118554	0.11189940201052434	0.0573664008050942	0.9778150451188485	0.11865141029631623	0.0	0.050186817933089996	0.08370043027477855	0.03668055578479891	0.0	0.12323150337345366	0.06501601128627046	0.11398933663121137	0.07562797441042292	0.036419080973546326	0.07316933881109258	0.054229130461474075	0.002671589194919714	0.05467779720436443	0.039660753774153415	0.08245315262168867	0.04884752770884841	0.10263980940690412	0.08402034477197778	0.036192163271676715	0.06681975010098415	0.10283111039055554	0.08110654792255471	0.04751057898483371	0.0	0.06833167275164219	0.0	0.034349553849447406	0.07064315637340891	0.06840978199738275	0.0	0.036029933445830324	0.041936069063844596	0.07910114528148415	0.0	0.0	0.07422647948831264	0.0	0.0	0.03140805236622302	0.045026159795459986	0.0	0.05852903230496404	0.04629142665443525	0.08174078346289408	0.04714762602099376	0.04860775390156567	0.05995440590608712	0.0	0.029659045878078483	0.2285627988647582	0.05673434299650332	0.0	0.036269497829055475	0.12667839417584442	0.0	0.16206723311222843	0.0	0.10085973129502385	0.0	0.07850991145721183	0.026523505679043963	0.07203811578660882	0.028669271954238136	0.08740277741702113	0.07007569895271987	0.0	0.09377269401870009	0.04251446351101828	0.0	0.01915524162693604	0.026277815490390342	0.0	0.0	0.21954606361503284	0.053358563237544565	0.005968680847295828	0.03233313235108577	0.08826016985649945	0.007732350021842444	0.02281983163333011	0.041955133930854954	0.04050051491333753	0.0	0.021120084202287268	0.0	0.0	0.0	0.0224385832588566	0.01331952172000461	0.0	0.016073638480469686	0.0	0.5488594528635495	0.02858191918318215	0.5478764518019109	0.0	0.030809836829537217	0.03527889743359042	0.0470985962298544	0.0	0.0	0.036656025152857576	0.014737460924366003	0.03581039223686144	0.0	0.0	0.047048869972769726	0.0	0.0023157379056764913	0.0	0.0	0.03640516149911913	0.0276896711145296	0.03382128933765079	0.0	0.07087726662364037	0.02326822052280772	0.016288655897327878	0.007432711362664872	0.0	0.0	0.036653271909933116	0.02247718922268712	0.06825606488523346	0.0	0.015265842207911114	0.034962924252434795	0.0	0.006126803357891576	0.0	0.0	0.03679148582110204	0.0	0.04080022832724199	0.0488621666054425	0.0	0.13835955840494296	0.013990269154314942	0.029492036535933467	0.014464731749659837	0.0	0.10847475207488129	0.0	0.0	0.0	0.0	0.017118551027454385	0.03083301549089401	0.024706269002241755	0.031665362859898495	0.014247944773919457	0.046315582013382435	0.01747985896585581	0.04473446286392929	0.5485496801816034	0.0	0.00774476394334302	0.022157471305418525	0.031017265889883686	0.04434635246094176	0.02109373668687633	0.0	0.0220141457167801	0.02819234082345337	0.0	0.0	0.0	0.007870202377785343	0.007336328685992467	0.009118781154931496	0.0	0.0	0.0	0.015888995354001425	0.5361662448409142	0.03226467544038017	0.017402183870297967	0.008243028296525066	0.019868132028332174
xprB_dsbC_recJ	0.09570709472281394	0.06060993119140203	0.05171425246079559	0.08585627868419679	0.05699800542107741	0.029861727923178167	0.02759420083066639	0.06647815733912031	0.07802172130195749	0.02576659224374927	0.0461324900289464	0.0	0.03316135634365854	0.008789653529895127	0.0	0.0018114758912949056	0.0	0.02422991539991572	0.0	0.0063035181967294514	0.05749423928592931	0.007159140670819901	0.0	0.0	0.04009328791093558	0.01693377733552405	0.03089167009130382	0.08881675831148031	0.012415972259577331	0.10680277879643146	0.032189195032097134	0.06666929199312163	0.014201785569091126	0.05167906355138654	0.0	0.0	0.02257970860375019	0.0	0.016379800355526702	0.6459464550134906	0.010223669960211823	0.021534928753154707	0.030291729240795852	0.0	0.0	0.07922653171013548	0.051992899762104514	0.009021104395452643	0.012197934508021728	0.04002376354770997	0.0	0.039236961222671854	0.0	0.0	0.0	0.0036690014287136343	0.08174254841575493	0.0	0.022487666827262505	0.04499201151455122	0.0	0.04539492371128967	0.04251733918357533	0.003922368253866551	0.048774756807624234	0.020928680017000018	0.0	0.12573612928399588	0.03808658648899567	0.06329842282656903	0.01599130549478849	0.026671562477692232	0.018714012664086083	0.0	0.047572070313103836	0.06889606005577699	0.04240813354520167	0.0	0.0	0.0	0.058739957696204714	0.060038813763204586	0.019605266614090785	0.03248357276904231	0.05270067163573548	0.11806808764879868	0.03551820959409259	0.002492953879781442	0.013803603523869699	0.0	0.05771709337496736	0.0	0.0128923639106004	0.0	0.016012443193665404	0.006518095381081199	0.03155215145551105	0.046895329621727495	0.03513189465331849	0.031770464487229824	0.0	0.0	0.007293362466782263	0.05131660888243575	0.0	0.0	0.0	0.0	0.0	0.08061542592026807	0.0	0.01270354303176893	0.0025279288853552557	0.0	0.0	0.0	0.04203747482116977	0.0	0.0	0.0008829577661461216	0.025943668075005578	0.017503615635223485	0.0	0.004856872872652326	0.029643593444163625	0.0	0.0	0.021218094139446194	0.004733719123273105	0.03232851614017651	0.0	0.0	0.0	0.0	0.0	0.0	0.03166243401038212	0.0	0.04455971312465952	0.05754633757986811	0.024724264837686097	0.0038153318613778496	0.008972951584796959	0.0	0.0	0.0	0.05197800898063142	0.05347288194764743	0.0	0.022880530900668116	0.030973640428621267	0.0	0.03398480106810203	0.0842876232781106	0.0	0.019450049214911874	0.07167962569458157	0.09761451208422861	0.0	0.025644303629879933	0.03149679786617142	0.0	0.03225315591991654	0.002850331192749811	0.0591538189670117	0.0	0.025793964963385176	0.029177461688128785	0.0	0.033189557584404755	0.0	0.03505983120457032	0.06030337474983151	0.06031009556054645	0.043628198877415765	0.03128641074785437	0.08121414069939434	0.00635964412137856	0.020493391277580184	0.035740770395941826	0.0	0.020200009860389553	0.0	0.03475756194392363	0.0464888192894211	0.5361429729078672	0.0	0.0	0.005206180955934844	0.0	0.0	0.0	0.046665690128623545	0.023696090766069267	0.0	0.02149258518256677	0.03156968272877322	0.0	0.028295187993411016	0.0426291560746015
lpxDA_fabZ	0.08064827970298788	0.02900856391303013	0.05045951113799578	0.07945475086546462	0.05389350686120385	0.1308154950495876	0.13721479037077078	0.04437692161012583	0.15056723251231266	0.04017801959901332	0.0	0.03316135634365854	0.0	0.02116231078415356	0.0	0.0	0.0	0.0	0.0	0.0	0.021604823764137256	0.03003598901099527	0.02711830546863026	0.0	0.049679737228822934	0.0	0.0	0.0	0.0	0.03947089799022779	0.0	0.0	0.1020786913251726	0.0	0.127658691742545	0.0	0.0	0.0	0.0	0.06796800318211256	0.020006434039987364	0.0	0.001172702519816263	0.04357725690690833	0.0	0.0	0.021251836588658757	0.0	0.0	0.013153551818024802	0.024898537302255778	0.02534472727332284	0.0	0.0	0.011140982581993166	0.0649038382065653	0.0	0.014469479593162226	0.0	0.0	0.0	0.14230569150173358	0.12722646115209427	0.07462826540699359	0.02822162007266615	0.0	0.0	0.01419481326323099	0.0208021122442692	0.032017024730760214	0.0	0.0	0.0	0.01168098461590718	0.022481764540144618	0.008430089922755681	0.022786202022041017	0.0	0.00497292869011658	0.0010086579594613429	0.04218255522122286	0.051885553733375854	0.0	0.034484903875299754	0.0	0.046573150285426516	0.0	0.0	0.0	0.07880586745260651	0.08641090789077424	0.0	0.03720434215043147	0.0	0.0	0.015681702749382517	0.0	0.684653777097492	0.0	0.019953750617869147	0.04827120391465573	0.02349713906394288	0.0	0.03307815306051547	0.017066043610561164	0.03146466446409843	0.014594745160020118	0.0	0.0009778433834965962	0.003917735275865033	0.02493332722643615	0.005166594076728507	0.004058103185120041	0.020607054092667484	0.002371159132186795	0.012355779042415683	0.047354570049454925	0.0	0.0	0.10104838510233181	0.033465872263369154	0.03499619473199226	0.021666880238059755	0.04775304922366823	0.03430541425080395	0.026704490788040772	0.0	0.0	0.0	0.0	0.027831682049184455	0.0	0.0	0.036717497528457724	0.004792029923875461	0.0	0.0089170957255176	0.0	0.011091153976963431	0.0011260740743741747	0.03274870535424186	0.01085848663887718	0.00500251839862021	0.0	0.052701796766532624	0.0	0.0	0.0	0.0	0.0	0.002979606478761018	0.0	0.0	0.012459515792283425	0.05103491412174946	0.0781488146163685	0.0	0.5472867213992916	0.0	0.03219688532844973	0.0	0.0	0.0	0.008249963475691522	0.0	0.014758817130743864	0.020988898458420464	0.0	0.01710655888959509	0.0	0.07596773405797079	0.029368087576011483	0.0	0.0	0.0	0.0	0.07563853965965614	0.0	0.0304826089083503	0.0	0.0	0.03191258436430879	0.054537232449563905	0.03735802768308097	0.0	0.019786463597075844	0.0	0.0	0.008830809656654576	0.0	0.02097328854294115	0.012968561023741543	0.04992036531919965	0.00873832160830139	0.01947633189556499	0.0	0.019576306628175756	0.0	0.033552075666291904	0.0
ppiA	0.0	0.08325653787224242	0.009857674632430894	0.0	0.010704689494898164	0.04045559380159763	0.03114358252322528	0.0	0.0	0.040700168763480704	0.06745763737843014	0.008789653529895127	0.02116231078415356	0.0	0.046195905148348905	0.0460550221945762	0.05316112180628708	0.03706230985839334	0.04596481505671809	0.022938821011448188	0.0	0.05540788948010592	0.0516213839097527	0.1333719219622121	0.014998593949501707	0.16072980371017287	0.04677468577924032	0.057830001410437315	0.038782501986168005	0.04753500667207092	0.033898092673645124	0.050811884786438416	0.012927780216064524	0.04161142932592129	0.006684706350380341	0.03841793348430657	0.09446540525482496	0.023116965246738844	0.03534470559176524	0.0	0.022838050036580876	0.057083863961701155	0.051958609501241634	0.032787557854104706	0.039147438413696764	0.03361519969779456	0.03936804581845599	0.6256817556477597	0.07168309893506507	0.04373911065850204	0.0	0.0	0.007801582010638085	0.04931923514666244	0.026103425783351748	0.029246113021420304	0.04522614973426017	0.04252703707921306	0.0	0.06276595722681275	0.0	0.0	0.07602084840293329	0.0027851103262713063	0.053655419418856896	0.040935082008134185	0.06115160316569119	0.7091368534347731	0.0	0.026799373318943505	0.05916937754606718	0.07598113202231493	0.06904780602032529	1.5598438532685617e-05	0.06161486620019152	0.03655519040478625	0.08807670608971423	0.0	0.04369193111074423	0.0	0.0	0.0	0.03573084224850646	0.016763945831551472	0.06290431100101443	0.10224825630701556	0.0	0.040746335157761916	0.08950805283441872	0.00308965288395372	0.0	0.008909071185888611	0.0	0.0	0.035037531796626484	0.0	0.0	0.07571308655840352	0.04799065534672193	0.047106405604177615	0.0	0.0	0.0	0.0	0.0	0.0	0.0	0.0	0.011439451421440178	0.007515404599630987	0.0	0.0	0.043224554641532256	0.0	0.0	0.0	0.03954751710775497	0.0	0.0	0.0	0.0	0.017254004554874323	0.0	0.0	0.0	0.006296492249566403	0.017531086570196246	0.1097134188655688	0.044786730306632445	0.026012362490817967	0.0	0.0	0.027668679139470978	0.04074184500867424	0.020825434541617983	0.0	0.0	0.022337941905876315	0.0	0.0	0.029021324684601193	0.025889784540777748	0.0	0.015128550577559303	0.02476479779552094	0.01883810027698295	0.04145486867563744	0.010655894913671	0.041573456969547194	0.0	0.0	0.014476570815882675	0.05650173524415639	0.0050365935669846075	0.023342303475235075	0.014402486218543007	0.0	0.006423983792910955	0.0	0.024220851088984276	0.0	0.040819344155735765	0.0	0.0	0.0	0.03479572770551766	0.0	0.0022474405756983847	0.0	0.04234842146819502	0.02858790469806555	0.01537102852818896	0.0	0.0	0.006691578378895762	0.0	0.006259599797312616	0.0	0.02288534741038251	0.05076191600686914	0.0	0.016148842835061846	0.03357079466913241	0.06643021516366851	0.012045703461859802	0.027548845924705277	0.0196794381611245	0.0	0.0	0.0	0.0	0.0	0.055371980794112735	0.045209276907887494	0.019403350044250485	0.007527656114815044	0.02110892008290917	0.017486847389871902	0.03538776459270663	0.0782541406008184
