	lon	rpoH	mopA	htpG	rpoE_rseABC	ibpAB	ecfABC	ecfH	fkpA	crp	araE	xprB_dsbC_recJ	lpxDA_fabZ	ppiA	dnaA	ptsHI_crr	cirA	cyaA	speC	araBAD	clpP	nagBACD	araJ	nupG	ecfK	fur	yhfA	srlAEBD_gutM_srlR_gutQ	fucPIKUR	mopB	mglBAC	malK_lamB_malM	uppS_cdsA_ecfE	fecIR	sodA	tnaLAB	deoCABD	fepB	glgS	htrA	acs	ebgAC	araC	ansB	fnr	himA	cytR	narK	gntKU	ivbL_ilvBN	icdA	hflB	arcA	fhuACDB	frdABCD	ecfD	malEFG	narL	appY	dcuB_fumB	focA_pflB	ecfG	melAB	tdcABCDEFG	gltA	fixABCX	hypABCDE	fucAO	nuoABCEFGHIJKLMN	aceBAK	caiTABCDE	malT	nrfABCDEFG	tsx	gntT	cydAB	manXYZ	appCBA	ompC	yjdHG	cpxAR	htpY	malI	dnaKJ	malS	grpE	deoR	pspABCDE	sdhCDAB_b0725_sucABCD	dmsABC	ostA_surA_pdxA	FruR	marRAB	cyoABCDE	tonB	soxS	nfo	rpoD	uhpT	caiF
lon	0.0	0.20091935669298483	0.32344963877083666	0.3049490366528752	0.12742019024097107	0.15977033372873317	0.2559101944682737	0.18321449628736158	0.1812159430801623	0.159991126851629	0.02085426815256847	0.11773567730168844	0.29786429811308107	0.06660419793734418	0.0	0.05926117968686604	0.0	0.1073810644005134	0.0	0.0007714382875387953	0.5370387447177908	0.02840348617385615	0.0	0.0	0.13143267203635425	0.0	0.0	0.09851357085080525	0.03256450558245856	0.25103727880757315	0.1453663378362661	0.018588193608218444	0.14855148815122596	0.0	0.0	0.12989090390736172	0.03727792587458357	0.0	0.0	0.0	0.0	0.12381565301911401	0.0	0.0	0.03487917353730284	0.0	0.18980432869184594	0.0	0.0	0.0	0.0	0.2669864505388422	0.0	0.022325252022588844	0.1601852306276975	0.2689319187868668	0.0	0.02167409944648337	0.0	0.2207965601685512	0.0	0.16630314175913738	0.0	0.0	0.0	0.14431570305425478	0.03193552017313317	0.00694888795081778	0.06086511874201976	0.05792170741589987	0.0	0.02867122677405503	0.0	0.09443488320580626	0.04100232037064255	0.0	0.11731426812023306	0.05578677084188806	0.0	0.22842047128136683	0.0	0.27566645694555986	0.11012862496537686	0.4282867652781519	0.08895594193023479	0.1615154193304554	0.0	0.0	0.0	0.05577587751791356	0.09409963850450463	0.10433320478723548	0.026431781474185	0.12946321917932657	0.0	0.13003749474270765	0.0	0.15580830888619643	0.04014789358200609	0.0
rpoH	0.20091935669298483	0.0	0.4582735338063628	0.39804276587481385	0.1321890078546424	0.4438557975253968	0.2887328243346813	0.255477289811757	0.1254511412621231	0.0	0.10743034584351792	0.2755752680288575	0.3695124262468689	0.21397670779446185	0.0	0.0	0.0	0.14450195967555593	0.0276562273177983	0.0666857845568238	0.41918319268081317	0.0	0.027212255418809922	0.14658863302417097	0.1533733848434261	0.0	0.013364017385376872	0.08104917677286268	0.0	0.29852712247313445	0.17616812638563162	0.11477892157034658	0.2200968363497438	0.02256298568741449	0.01624135653492655	0.0	0.15135011123868472	0.04852851326547428	0.04593913510748819	0.10140021456013473	0.0	0.27126256866849885	0.04839805067359266	0.01883535426768321	0.0	0.0	0.08610227696060793	0.0	0.10091295192365468	0.04762444337865497	0.05870211717476449	0.2605296862822854	0.0	0.0	0.0	0.18370122311773235	0.0	0.010716800464519304	0.0	0.0	0.0	0.2079867780782612	0.0	0.03167095146932007	0.036933272070102725	0.06020370486628199	0.03376134011134862	0.09217671483465853	0.07481110256553823	0.06784693661926666	0.09032694304859092	0.15122756471148238	0.15047056566688227	0.17202582388177048	0.0	0.0	0.0	0.0	0.0	0.0	0.13321030082231747	0.41360759898940497	0.0	0.5177014068674829	0.03653614335061225	0.3385552985091624	0.0	0.0	0.0	0.06963229298528127	0.21584685098081982	0.14885388841672512	0.09310973303324625	0.09209320952250745	0.0	0.16183424582131173	0.2936176869438498	0.3503807733995457	0.0	0.03715608865223987
mopA	0.32344963877083666	0.4582735338063628	0.0	0.3403777737913812	0.07946049560931416	0.40780228189473233	0.13271199772645573	0.10348180089085894	0.27857543028955356	0.1373094982913416	0.0	0.279005964746234	0.08449112804983448	0.14705262685761447	0.0	0.1927502202545796	0.0	0.09681983929106705	0.03787917667724766	0.053391610461265435	0.29539754731536416	0.0	0.0	0.0	0.1887066383948816	0.0	0.11564388217418226	0.025200989269293084	0.056215370342194114	0.4261286058304837	0.020195009057897808	0.09803122215565437	0.40918713302603354	0.0	0.013080570732361258	0.10448646871781156	0.053323380179327036	0.0	0.0	0.3194448957049571	0.0	0.227797664704821	0.045150315177917226	0.0	0.21095179283529727	0.010662337314424184	0.23940689663386916	0.0	0.3029574014069964	0.019686009818357685	0.18901206841096016	0.26335643597085756	0.0	0.02073326550969715	0.163281042879332	0.2669693892418777	0.1547457421884218	0.17724529635456315	0.14031952347933757	0.0	0.0	0.20382630847481883	0.0	0.10857798685200545	0.06989591345739782	0.1161284439091469	0.11027612397768131	0.04256080369564748	0.11848657484602379	0.21188094839454888	0.0	0.21719191745598126	0.08964826685416212	0.2306697341743949	0.03467044056028824	0.18621635893536626	0.014905776730334604	0.13830407422981417	0.03548760094149341	0.015397513945403065	0.0	0.45354729486757206	0.0	0.4677929549416657	0.06899151769080412	0.36129762545434335	0.0	0.0	0.03774460647036743	0.059482519743633964	0.19416063511085657	0.0	0.07771960849124829	0.1395392637971869	0.035407979139600726	0.3368517747194386	0.12960266855008193	0.24767953015341465	0.041624683095937004	0.08675344121079441
htpG	0.3049490366528752	0.39804276587481385	0.3403777737913812	0.0	0.25076795206289326	0.36074137059700706	0.08327690579201733	0.0	0.16570079432179474	0.21183701955970502	0.018241587438062312	0.21541558032956054	0.14441205958197248	0.21331237613354634	0.0	0.1508141004922616	0.0	0.09345929272835775	0.0	0.07563475380788333	0.5930630412307267	0.0	0.03484074204187138	0.11401593839636034	0.20289257603356	0.0	0.1744620427052571	0.0	0.0	0.38142423832929867	0.07289321155427567	0.0	0.15186455728811182	0.0	0.04795394780863311	0.11717850311558843	0.14219491698031445	0.0	0.009426013013641786	0.23619658901527218	0.03691991027467748	0.15780361609274654	0.0	0.13012876907571844	0.03237600075717126	0.025367044489757098	0.29252340530007354	0.0	0.10355635145390879	0.0	0.08687474545301105	0.4638554513436599	0.0	0.10203343850681383	0.040930818853505975	0.3390787665111761	0.09255652012493412	0.11304118631620172	0.0681032517917509	0.17720051136514667	0.0450132786023354	0.26154995670136577	0.04386804933924896	0.05204098867890963	0.0	0.0	0.10554294133561734	0.05899230365722952	0.0	0.015659114251249863	0.0	0.1556456474690796	0.09996979560034999	0.25611859230119893	0.0	0.0	0.0	0.034170901517474726	0.08487885553072057	0.038970585026204256	0.11421876912332857	0.5332533954191384	0.00882254018288206	0.3927792586640204	0.047270292070610384	0.6212940094721429	0.0	0.0	0.0	0.0	0.07377697143184335	0.22209484510202276	0.1471670496689404	0.08227965941772092	0.0	0.166974823353123	0.01864200376751228	0.21680762559159703	0.01608468858213154	0.029373496669415727
rpoE_rseABC	0.12742019024097107	0.1321890078546424	0.07946049560931416	0.25076795206289326	0.0	0.4339546604248248	0.49548187868242866	0.6149415904256651	0.5348221492468664	0.10706101972542717	0.08554981082698217	0.4057460729034449	0.5843676488942834	0.1534960325190848	0.004442406485340067	0.0	0.0013717963719855493	0.0	0.0	0.07915811237874355	0.13598268917519263	0.050133710566655165	0.11259868740085706	0.16702839629764285	0.37170946774781444	0.0	0.08342197992884615	0.0	0.08656788454141873	0.31739825960095663	0.054608150756065364	0.06659218653886949	0.39117023675389756	0.0	0.0	0.25906068349999606	0.13260110437323316	0.0	0.0	0.09534519846236995	0.10432923312340511	0.0	0.0	0.0	0.0	0.16784611609511668	0.4790820950339525	0.1534260503227314	0.14386272160947586	0.18336309199844653	0.0	0.14232798116649417	0.0	0.027818711085297744	0.0	0.40793649632376644	0.0	0.04044841503262132	0.0	0.32628291327817527	0.009141450318071155	0.5421807628334966	0.009939574595664412	0.14003605610077088	0.0	0.03462482617834636	0.0	0.05204461567164707	0.14487908807133504	0.014928271014761395	0.07158594270391941	0.2124274686875463	0.09264364712316533	0.1270835320092094	0.06281205850163554	0.03733216974797341	0.13484622742163765	0.0	0.01183658115139482	0.0	0.11329853182645147	0.2291835703960351	0.0	0.1794413317372971	0.0	0.10211242062528719	0.0	0.0	0.1323299021028306	0.0	0.4882226900188594	0.0	0.02286166453048289	0.0	0.21395859514658597	0.4724713059717533	0.06366476170587522	0.5741440906266999	0.0	0.16453230855360307
ibpAB	0.15977033372873317	0.4438557975253968	0.40780228189473233	0.36074137059700706	0.4339546604248248	0.0	0.17515089117416024	0.2175509593845234	0.2461435042246592	0.02767883109035934	0.12371228246175292	0.20538180868920003	0.26716842080486575	0.10011486661011726	0.0	0.04335076072340625	0.0	0.0	0.0	0.0	0.2988348413933879	0.15942384015859257	0.0	0.04848067719964011	0.35885535592384477	0.0	0.0	0.0	0.0	0.36077825326501745	0.08017234198462643	0.0	0.17295007114804634	0.0	0.030973685854346573	0.1617000900366455	0.05278922672886789	0.0	0.0	0.30505353740949687	0.0	0.0037795578432911823	0.0	0.06749828010250376	0.10805601189080077	0.1917359269901689	0.11055768685346842	0.0	0.0434554013520403	0.0	0.0570749095260899	0.5447238824808043	0.0	0.0038647869790021973	0.022040452091041964	0.22704073097879007	0.19096382617464422	0.13132023651329808	0.0	0.03848563345987149	0.0	0.17018260567156587	0.0	0.06380701528727004	0.0023524911364961798	0.08558027840005385	0.0792281170517309	0.0	0.05573909805900132	0.0	0.0	0.06100370097750343	0.1029147823278898	0.22371469334293823	0.01682808761153113	0.1041640785778356	0.0	0.17194406013057395	0.18480473458632554	0.0	0.11302385048786892	0.495638672663968	0.0	0.30638938199113047	0.0	0.26518179245742846	0.0	0.05917040584448774	0.0	0.0	0.26647880283827624	0.01715751890647176	0.0	0.0	0.1926732484300532	0.16051069310420793	0.24527014477304057	0.16799973563897086	0.0	0.0
ecfABC	0.2559101944682737	0.2887328243346813	0.13271199772645573	0.08327690579201733	0.49548187868242866	0.17515089117416024	0.0	0.541245186927766	0.3907694502018364	0.0	0.0	0.2504070649597802	0.44551262392998386	0.08931953721698432	0.0	0.0	0.0	0.0	0.0	0.10957686655764277	0.22892914202460857	0.061124024529678946	0.044869068453380935	0.0679759558790891	0.41384866914534263	0.1672303898271448	0.0	0.0	0.00349993602674164	0.07179390678085777	0.0	0.0	0.3459986317581098	0.0	0.10277199300745814	0.03131582285737711	0.09309753177344306	0.0	0.06794451943119	0.0	0.0	0.0	0.12978746555200582	0.0	0.0	0.0	0.34038631547579423	0.1476937074471419	0.0	0.13801953241176837	0.024517045325185133	0.11643653464986527	0.0	0.0	0.14017307215407157	0.5809484227493599	0.0	0.0	0.0	0.28072731923388694	0.0	0.6698316867381577	0.0	0.0	0.0	0.021820891099298127	0.0	0.0	0.13496034768384776	0.0	0.10487547664918061	0.18425305670666903	0.0	0.1510513071991491	0.0	0.0	0.0	0.012499582565687277	0.0	0.09432320280119229	0.06491723667417804	0.3058462841337992	0.10585736780434367	0.2065925755098339	0.0	0.0	0.03854314305731018	0.0	0.0	0.0	0.6308781587016001	0.06479718306517539	0.0	0.0	0.07799144913937736	0.5234326596931813	0.2913490327413	0.5256325644184843	0.030974378226327575	0.012454736207564016
ecfH	0.18321449628736158	0.255477289811757	0.10348180089085894	0.0	0.6149415904256651	0.2175509593845234	0.541245186927766	0.0	0.6629951046845495	0.0	0.02486040614956724	0.1501791537206605	0.6395870226608066	0.0	0.03400828091085477	0.0	0.0	0.0	0.0	0.1383614530039503	0.044659689477711914	0.0	0.0	0.19876133615772368	0.2863536808525369	0.02075794658320732	0.0	0.0	0.0	0.0	0.0	0.030683038005305398	0.3837244864585353	0.07383240710388284	0.1977818982963706	0.20661441323061389	0.08530129443414605	0.1480803153785291	0.049911329587541714	0.18157405443535532	0.057703019050386856	0.014864303499765513	0.0	0.03045654932949589	0.0	0.06770231601643042	0.5189583189463338	0.0	0.1468569997674005	0.11946013374701396	0.03284530525621332	0.17506885203487046	0.07291433728064006	0.0	0.0	0.5100869158016065	0.0	0.0	0.0	0.1253551968835277	0.08955386379172912	0.5741854990870459	0.0	0.0	0.0	0.12116645335690583	0.0	0.15304779481625075	0.0	0.0	0.14488631704254745	0.07299128145116102	0.0	0.11043173625095079	0.04420731142570238	0.0	0.0727674159398391	0.06370795315911297	0.0	0.2447579201354589	0.0	0.29047371807410177	0.0	0.32214504463731725	0.09979559272197337	0.05437485198132332	0.0	0.018490880633816265	0.0	0.0	0.5823130658523683	0.09462577726620988	0.04375914213900921	0.03287117793123882	0.053323598716335484	0.4964233261117683	0.3287847355713484	0.7406115858368475	0.07981241351398838	0.0
fkpA	0.1812159430801623	0.1254511412621231	0.27857543028955356	0.16570079432179474	0.5348221492468664	0.2461435042246592	0.3907694502018364	0.6629951046845495	0.0	0.0	0.0	0.22323437022956816	0.6300949376860251	0.15606183544852206	0.155149860897523	0.11748376741327515	0.04450961387035919	0.0	0.05116918116373636	0.016827756986620174	0.31621517936032595	0.08285602112516227	0.08861942856281531	0.0	0.299567290083037	0.18027445407272183	0.05456943163940688	0.049496639219316976	0.07869955104642973	0.2784052228241224	0.0	0.0	0.47730988061591434	0.0	0.15785261116708676	0.11445747774581623	0.17653537588944113	0.0	0.02548224574431523	0.24331284759922586	0.05566445578076259	0.05121762933411666	0.05576216679562524	0.0	0.06149874586228919	0.03585157961889243	0.6235198288589161	0.05603510118341791	0.03409358331484942	0.014075443124840928	0.034266145294431415	0.19013748791558832	0.06901876933853696	0.10014109660136505	0.14157415736749154	0.5589444972066783	0.0	0.0	0.12774238193816093	0.16317930994637614	0.24049495141151725	0.5930659692002733	0.0	0.1656730542531639	0.0006056047270667396	0.0	0.05076776164728047	0.035521442659241266	0.0972876367020449	0.2927870415540648	0.16366689696989722	0.10002798266283476	0.0	0.10664477701027002	0.046226125919588655	0.12676064972098938	0.0	0.12502586928722367	0.14667750908606333	0.1312319505345862	0.0	0.3497050336055482	0.06230289979112561	0.21757655049985392	0.03928744792500848	0.21604436762837811	0.18921284156683216	0.0	0.09363396960836744	0.14973734847808118	0.6039245578810786	0.1334538200509217	0.028053849182714703	0.1285355376575772	0.06020961918379505	0.5363538384495212	0.12203251756713303	0.549810215599507	0.07073910738014635	0.1870694273622317
crp	0.159991126851629	0.0	0.1373094982913416	0.21183701955970502	0.10706101972542717	0.02767883109035934	0.0	0.0	0.0	0.0	0.5303855516393657	0.1205131372610948	0.008609382608913512	0.10648958637774941	0.0	0.34900508350967213	0.23707155455344484	0.7225824988539578	0.6813148696753488	0.681854649107331	0.05645802930527074	0.2789285675286858	0.6375018136681943	0.02727378418761539	0.07887696607759893	0.24676902903589262	0.7128908468916381	0.6137123663734283	0.6754798999720132	0.052757091839635006	0.6286569936413373	0.7762695197864297	0.06414573346189098	0.3316061411434404	0.0	0.7959605911358009	0.0	0.24274843582043518	0.696638406340547	0.058775823481763335	0.3287988644695796	0.6388689388447288	0.4236439485467058	0.16428677195565503	0.044372329467416996	0.09297272852862476	0.0	0.0	0.6114799244581296	0.6344356595912138	0.13287906016354048	0.0	0.0	0.39127459381140145	0.0	0.1596285636853739	0.5975961086881283	0.050713706132590755	0.08961496502782271	0.062097135079206084	0.137693275213935	0.0064283242879311425	0.805357694938392	0.4619598515959737	0.3867246077124229	0.35482830362479134	0.039847789203082254	0.5480452630697655	0.0	0.1561560745420501	0.2553594945626255	0.858954570371355	0.0	0.0	0.8308374591838111	0.11814333880580974	0.42297546234914923	8.032787832905687e-05	0.1618476454631037	0.02523157749253276	0.06964741073047469	0.0	0.27637959631145187	0.0	0.6952391406918833	0.0665861270506386	0.0	0.04358647909684223	0.1345450155534019	0.0	0.03189135310596043	0.028892644346379913	0.02233771591286284	0.0605035122014592	0.36735071700150645	0.036057785862724234	0.0	0.0804120028241926	0.7342178192153131	0.0
araE	0.02085426815256847	0.10743034584351792	0.0	0.018241587438062312	0.08554981082698217	0.12371228246175292	0.0	0.02486040614956724	0.0	0.5303855516393657	0.0	0.1438852319624094	0.0	0.3516021881157867	0.10840681712167273	0.3388632731305808	0.32339009159834514	0.5618991028492761	0.6090237227903185	0.19846047236833006	0.06286776939052069	0.21958242955101825	0.5604878063655423	0.0	0.0	0.40187639573623835	0.3893698225838393	0.5161965560568851	0.5888477078083362	0.05869202415103934	0.4785880248714432	0.5690030598759988	0.01330691803656755	0.26152716974869694	0.0	0.5288315932932576	0.05667184596295383	0.17328689595765834	0.5715833204150085	0.07774822710516197	0.2896715519219395	0.7578882234046209	0.403840277077471	0.0703586410649804	0.0	0.05614248822147265	0.15876776483295807	0.0657569879422625	0.5140617803882118	0.513930417948199	0.0	0.0	0.0	0.3362890865196965	0.009222217090284018	0.023778012502959106	0.5109949887298908	0.018616423962703372	0.0	0.17807426249325378	0.2792544719582821	0.014944658904067754	0.6929222662082892	0.20061841931300634	0.39286536665083277	0.2420622451575388	0.0	0.6239074769061621	0.0	0.06338977982850678	0.19184801476835728	0.48209516249708256	0.0258559740831024	0.021440997078559204	0.7239464778884231	0.0	0.39021863391371187	0.0	0.05752296513498069	0.0	0.0	0.0	0.2944040707683363	0.0	0.5950698066176517	0.08885924646843055	0.03429611483866784	0.0	0.08483915979167078	0.0	0.0	0.0	0.04066117154013229	0.09568510975417979	0.24872284126106986	0.0	0.0	0.0	0.6435743336971468	0.07219715150192864
xprB_dsbC_recJ	0.11773567730168844	0.2755752680288575	0.279005964746234	0.21541558032956054	0.4057460729034449	0.20538180868920003	0.2504070649597802	0.1501791537206605	0.22323437022956816	0.1205131372610948	0.1438852319624094	0.0	0.2329048601745767	0.02717040064264306	0.07361378556269703	0.0	0.0	0.09498041160831829	0.0	0.02044657718635941	0.33558658454774015	0.0	0.0789824628397447	0.0	0.10717877800959019	0.04414966703550414	0.0	0.0009753771890709086	0.0	0.18082078112448102	0.0	0.0	0.19433773067540078	0.0	0.04096411788964116	0.14929192626364995	0.0	0.0	0.052227501611546705	0.4022486604202836	0.0	0.06483209265365233	0.0	0.0	0.01218052190831115	0.0	0.39486592606819926	0.0	0.1050024986847381	0.0	0.0	0.07060370540777837	0.0	0.0	0.1462649911966651	0.0	0.027383641880286528	0.048808707587564344	0.0263210377179508	0.15050671208995303	0.16285539518195133	0.2775161516938748	0.06918315772542546	0.0	0.0268968716895631	0.0	0.0	0.0	0.17447379503912447	0.21672524694156847	0.05566675358861414	0.10221189619243697	0.264432824664278	0.26777844895176084	0.0	0.0	0.0506072712037341	0.0	0.144470922359133	0.10926822238654282	0.09882825446647348	0.41445372616912396	0.11307654628057935	0.24180164022439768	0.0	0.20890582477573838	0.0	0.0	0.20654641393553655	0.024774662184081777	0.08607951999529126	0.0	0.13953541047713322	0.018865114447776925	0.0	0.33648667104983	0.09521597855389191	0.16548557033119815	0.0	0.05806466157132246
lpxDA_fabZ	0.29786429811308107	0.3695124262468689	0.08449112804983448	0.14441205958197248	0.5843676488942834	0.26716842080486575	0.44551262392998386	0.6395870226608066	0.6300949376860251	0.008609382608913512	0.0	0.2329048601745767	0.0	0.10205907647008008	0.0	0.05692625760348202	0.0	0.0	0.0680312316634201	0.14645111249035442	0.3352418861940488	0.0	0.0	0.0	0.3165216880464872	0.06998431095051856	0.05046465507089672	0.0	0.0	0.17478372890813548	0.0	0.0	0.41440352176892725	0.0	0.1663066524343097	0.17743963034832372	0.03062576857811181	0.0	0.09241100408039221	0.17440118044247285	0.09724151131426853	0.15548649238520534	0.0	0.1302927717334056	0.02485479925404384	0.0	0.4720237802050269	0.13325767299040497	0.06498850569164524	0.08555347615015535	0.0	0.21573384112634955	0.06463895838260318	0.0	0.02310256716663764	0.49065634079831905	0.029378667981673302	0.0	0.0	0.021566502824263475	0.028997848031987437	0.4718751151140132	0.032446997841408434	0.0	0.0	0.0	0.06816288981908473	0.08232880047030937	0.016628581639316426	0.020637966386724882	0.06785367336127456	0.06683837921005736	0.0	0.08482601899840324	0.0	0.0	0.010761117619077889	0.051695906646719254	0.1291277300191786	0.0	0.08756179104506101	0.4509835311159552	0.04905515801008789	0.22145939032124914	0.0	0.1368307911023747	0.09197819529258891	0.031111578590082622	0.12052019786372971	0.0	0.4224796220876993	0.0	0.025418318003711148	0.05314087243647814	0.0	0.33260203459947446	0.14532190525400948	0.4783879924563376	0.0	0.0
ppiA	0.06660419793734418	0.21397670779446185	0.14705262685761447	0.21331237613354634	0.1534960325190848	0.10011486661011726	0.08931953721698432	0.0	0.15606183544852206	0.10648958637774941	0.3516021881157867	0.02717040064264306	0.10205907647008008	0.0	0.07395192269367923	0.0872085977556696	0.23085503307280417	0.15371284077747413	0.2621375035307195	0.2756824491461031	0.13788415411249097	0.29781196612052546	0.26143222875883965	0.20846153191033362	0.1182103171117451	0.20452627751294591	0.11117288449878253	0.2380078551653793	0.2743862685694065	0.34305517012500075	0.04611784106917716	0.20399781017660173	0.0	0.22775525099216126	0.03712743347798405	0.29431387791051367	0.0	0.16824761936498925	0.14083117955362956	0.241290055365636	0.18338712162863924	0.28513425248289787	0.08217686972756116	0.1872793632755069	0.07189198898234846	0.20505279426465423	0.04354466942894117	0.0	0.19556682126032696	0.2656511633718243	0.16154764968672217	0.24096930049727686	0.0	0.17730198086794932	0.12347220937968212	0.0	0.17461881582257005	0.07327697561594855	0.032939036218385016	0.022186524056232625	0.1649884938528256	0.0	0.16351063611793112	0.07394305952469653	0.19703066926312218	0.10853377800333286	0.07521909233603608	0.3565905782249723	0.2594002448524225	0.10347262190499998	0.1565885259862171	0.3550273814003625	0.18449669665003895	0.10907434980254524	0.3115952814055456	0.09711669385407311	0.102872336106216	0.10291255799805424	0.0810908846843676	0.16281827598610552	0.0	0.1624763364323644	0.09031528003255429	0.13839744366596385	0.33408815314157625	0.17188802310626214	0.11866508997891483	0.05826059988981142	0.038245723937879575	0.13749619078670702	0.08485368859664547	0.1132830775718934	0.0	0.0	0.20842902662957552	0.1589884403741148	0.14577506689034506	0.18454831489833357	0.33596185475922613	0.05584000050099388
dnaA	0.0	0.0	0.0	0.0	0.004442406485340067	0.0	0.0	0.03400828091085477	0.155149860897523	0.0	0.10840681712167273	0.07361378556269703	0.0	0.07395192269367923	0.0	0.05790402795795553	0.09556054790337534	0.09464997718841141	0.01834665450536566	0.10621166610240534	0.0	0.14438564536825735	0.005443942608339957	0.0	0.0	0.036413022369408195	0.09942602956930173	0.007012764720961194	0.10666872951810515	0.0	0.034899601747964824	0.02511587565874377	0.0	0.0	0.0	0.0	0.0	0.0777377925494392	0.0	0.08488658414071185	0.03937070648479186	0.20582812624164395	0.015657108725640127	0.040225861579249365	0.07442248539023279	0.0	0.0	0.1527266907898266	0.0	0.046658135786788554	0.0	0.0	0.0	0.0	0.1572932595871644	0.020169712349318157	0.006718407174811964	0.38321996511993156	0.06533829998128649	0.03801161714135384	0.07325403768631154	0.0	0.0	0.0	0.0	0.08143463381974504	0.07564049429184014	0.023325700335285054	0.15844802497082758	0.0	0.0	0.0	0.15745808699337352	0.05736640049580164	0.07279085470239138	0.029437518359215244	0.04139740736849553	0.0	0.044081766288794344	0.02995404168303225	0.07136324559430353	0.21480818295717974	0.0	0.0	0.051573006555808855	0.18449933976774313	0.2899825392884199	0.0	0.0	0.24510791172023444	0.11274012756241941	0.3280403125319303	0.0	0.08198604847512964	0.0	0.0	0.023436649051578752	0.05543921802418139	0.0	0.2161164861304239
ptsHI_crr	0.05926117968686604	0.0	0.1927502202545796	0.1508141004922616	0.0	0.04335076072340625	0.0	0.0	0.11748376741327515	0.34900508350967213	0.3388632731305808	0.0	0.05692625760348202	0.0872085977556696	0.05790402795795553	0.0	0.25853463491231704	0.15609205154758604	0.1977903465945036	0.13466970266260014	0.0842346595841004	0.2966082109215373	0.101242762598708	0.0	0.03333621936862495	0.09229602821543861	0.44723221119875356	0.19218633492075304	0.3363365797721897	0.07445982460017601	0.29419937136645813	0.39816947797512736	0.0	0.18591382170597523	0.0	0.37878751103388325	0.062400744500581896	0.33176461251019734	0.22067621593403738	0.061394487242282386	0.306266880560676	0.4416874070761341	0.1882639717258872	0.009811485794365749	0.07098782096777247	0.0	0.050001144140297125	0.015230284860854329	0.4573860567359802	0.14404938022043906	0.0	0.03286273133485036	0.0	0.24877214331674646	0.0	0.0	0.2716538101555388	0.0	0.0489706611282879	0.2153580121460099	0.07054426931573599	0.11157948760685152	0.3543895340441645	0.030378957304331503	0.29775687330480355	0.46548143710973866	0.012147324115440082	0.1560195776932283	0.0	0.03480823713416721	0.27486601539754396	0.24400230793665487	0.04249508391073393	0.02433549369943143	0.411933438014356	0.15078843712945653	0.17416481021612604	0.08196850226814531	0.030128670927925677	0.12394819564837609	0.07397070255310982	0.17322682071394147	0.1580199894000762	0.0	0.4225556534403469	0.03724368771105271	0.0	0.0	0.07837956720863037	0.021828265279381195	0.018663558141189397	0.0	0.004825214598658026	0.012965988310554032	0.13702903830354002	0.0	0.238922149936622	0.16356879266508406	0.32418565395845583	0.0033764698163356475
cirA	0.0	0.0	0.0	0.0	0.0013717963719855493	0.0	0.0	0.0	0.04450961387035919	0.23707155455344484	0.32339009159834514	0.0	0.0	0.23085503307280417	0.09556054790337534	0.25853463491231704	0.0	0.38146798392756776	0.2678084566385967	0.26038066724518355	0.005293642412864769	0.2491055083279657	0.3035349447033564	0.13885908729691415	0.09766513747353799	0.10908143718680256	0.2754176854602407	0.39407637196784717	0.3088200069354333	0.06595580794354057	0.34656212390730207	0.38453569960763606	0.014209927162054293	0.3808458344141336	0.0	0.3764086813835722	0.0	0.22875213117539636	0.4709177123465965	0.0	0.1314669359061722	0.3251019701091128	0.31699302034181337	0.026712347074038655	0.0	0.0	0.04544354755372645	0.0	0.4175496641593253	0.3316194112646117	0.0	0.0374642384088748	0.0	0.3897034806964736	0.15712976448736107	0.0	0.327383640598395	0.05118082814365257	0.0	0.0	0.0	0.14492767111293156	0.32284434910787724	0.04094779808131721	0.4416694337789376	0.20101649292956228	0.040609372316636826	0.3193196247827656	0.0	0.0	0.07529778671330431	0.23409169867916962	0.06415753734865721	0.0	0.22087140500120028	0.0	0.3317457546782482	0.0	0.1373716610993679	4.500913903506168e-05	0.0	0.0	0.36769574918136627	0.0	0.41770470191442627	0.05404488070180306	0.08940488256216707	0.0	0.2544911445590141	0.0	0.0	0.04376049159288764	0.0	0.19590091896338707	0.17800421296639685	0.0	0.0	0.0	0.2850276839786664	0.0
cyaA	0.1073810644005134	0.14450195967555593	0.09681983929106705	0.09345929272835775	0.0	0.0	0.0	0.0	0.0	0.7225824988539578	0.5618991028492761	0.09498041160831829	0.0	0.15371284077747413	0.09464997718841141	0.15609205154758604	0.38146798392756776	0.0	0.7332892178833409	0.45250507707308096	0.03257298986840651	0.2766207493302465	0.7555571894666264	0.15809196660308425	0.034109127265396	0.4282814849740612	0.44636675403084947	0.48452581751411145	0.636721527324593	0.0	0.8435414790406224	0.505475503759844	0.11793713730691834	0.5133817761755054	0.0	0.6987665889310907	0.0760372924892876	0.2474914526301098	0.6716171799415734	0.10057063861896556	0.2618760431871785	0.597020971495897	0.4891608229948447	0.11624250079918176	0.0	0.05924037804262363	0.03237576500640372	0.13854115623040197	0.5366089278483531	0.625500729026525	0.1106837124646736	0.03217658916662209	0.013137660277724436	0.2896526896274684	0.0	0.028102307221732643	0.6734167779606651	0.0	0.12197372844837248	0.2711272977092146	0.21999935169431267	0.0	0.819199500802777	0.3689714303385277	0.45125903705574005	0.3319171675616622	0.1480257623785566	0.6158819625534612	0.0	0.0	0.13465052944584488	0.8536240238524798	0.20920662171428062	0.0	0.7549165771463391	0.08178437991250473	0.20280560869742226	0.04829087382793235	0.015300566454156643	0.0	0.0442286013807472	0.048669130444740014	0.3918142054322216	0.0	0.7420403225818957	0.0	0.0	0.0264980422534801	0.13874321092928607	0.0	0.045855540578395436	0.08831074530382421	0.0	0.10123594292654935	0.4255202990901504	0.018889809082959685	0.02683319189562178	0.12463351474292524	0.6704680101669975	0.04158298686742277
speC	0.0	0.0276562273177983	0.03787917667724766	0.0	0.0	0.0	0.0	0.0	0.05116918116373636	0.6813148696753488	0.6090237227903185	0.0	0.0680312316634201	0.2621375035307195	0.01834665450536566	0.1977903465945036	0.2678084566385967	0.7332892178833409	0.0	0.5041273021042074	0.05424549840859815	0.2145788676124406	0.6438619066639648	0.10510795378309724	0.016589282801582048	0.22120257460338413	0.4778435800379322	0.3686699399849338	0.7938017738098995	0.0	0.5833774932891258	0.5392064337982577	0.04244662152566436	0.272356514861703	0.026287338076476173	0.6198996568127192	0.0	0.10247783878216948	0.5735462017053026	0.0	0.295859679689708	0.6215837562134086	0.4555583914086934	0.1871094998357468	0.0	0.13526497594719394	0.0	0.1011182718904185	0.6212969717243055	0.5592287168991178	0.0	0.051627280614730486	0.04916896129066229	0.18157909948101755	0.0	0.0	0.4217640412125176	0.048945407732884964	0.0	0.0	0.12574154170632199	0.0	0.7100940499469203	0.2389762292142719	0.49906376851373685	0.14197326318759776	0.11583339296584287	0.7023551430875608	0.0	0.0597403196429163	0.25773359766224274	0.5972790049655987	0.0	0.0	0.7040454062550886	0.113908746878141	0.24707994866366234	0.0	0.051969830020592585	0.0	0.023920069841147935	0.09411726275958256	0.4243886806658851	0.0	0.8122909651832786	0.0	0.0	0.07685075467907843	0.05208242469366372	0.04825317788598429	0.0	0.0	0.12575389638519852	0.019826446724141397	0.25542132581513505	0.07831970646076122	0.10544391849141195	0.04920777504602292	0.7645952327044636	0.06788681382206709
araBAD	0.0007714382875387953	0.0666857845568238	0.053391610461265435	0.07563475380788333	0.07915811237874355	0.0	0.10957686655764277	0.1383614530039503	0.016827756986620174	0.681854649107331	0.19846047236833006	0.02044657718635941	0.14645111249035442	0.2756824491461031	0.10621166610240534	0.13466970266260014	0.26038066724518355	0.45250507707308096	0.5041273021042074	0.0	0.0	0.07025008039809243	0.48064651064415254	0.16395032793405354	0.2281877133034703	0.2688185065296908	0.5048915108222126	0.4546375394693644	0.5632014425529487	0.14463278265528018	0.5028180135718884	0.44835362923373645	0.0	0.25337854614625716	0.0	0.4389132082227171	0.14719618776584167	0.19217595775993718	0.4852557643984031	0.2896447483696048	0.26439740353947666	0.5563414903075454	0.2639314093948377	0.24208174948067018	0.10908503742067074	0.14532947281924324	0.061459437212185816	0.07343954405021771	0.41802024365149804	0.458140945397646	0.0	0.10250898962022664	0.020764672125481998	0.14754831183146278	0.0	0.0	0.3298710417207712	0.14073055464695702	0.2139197931194409	0.1694005337334484	0.0	0.0	0.4178092140224159	0.35148533048233505	0.4582123924881068	0.3013792562372284	0.011978546642150407	0.3838232091253737	0.16104919814077776	0.017508624654225955	0.06060020031762801	0.5757004658234156	0.1323364789788587	0.0	0.5428745682607267	0.040272285903964394	0.366263456611981	0.0732195407213646	0.31753682026876645	0.05964614607193205	0.0	0.08960441878354977	0.4095166851242664	0.0	0.5484782357749574	0.05475388524356249	0.09237424294678817	0.0	0.18104754516846902	0.0	0.0	0.051923031559021754	0.0671133243615975	0.0	0.28662201110481916	0.19467410266287574	0.0	0.0866450747583558	0.4798930705523339	0.0
clpP	0.5370387447177908	0.41918319268081317	0.29539754731536416	0.5930630412307267	0.13598268917519263	0.2988348413933879	0.22892914202460857	0.044659689477711914	0.31621517936032595	0.05645802930527074	0.06286776939052069	0.33558658454774015	0.3352418861940488	0.13788415411249097	0.0	0.0842346595841004	0.005293642412864769	0.03257298986840651	0.05424549840859815	0.0	0.0	0.09950890267978658	0.0	0.0687690934445222	0.17557673026332538	0.0	0.04240351175760452	0.0	0.12424264791629991	0.45481215123374846	0.0	0.010874108762910792	0.12248135510475983	0.016693793492947348	0.0	0.15661772055475812	0.007544679669102437	0.03656004508695164	0.03424060701588614	0.08203290477566033	0.08999397810700446	0.15260844328756498	0.0	0.05673537691453294	0.15951331732304677	0.06169549829114592	0.19449183140089493	0.0	0.027817532438348495	0.13963398055629803	0.0	0.34753268746662536	0.14010678885811226	0.06266442781423297	0.19631680105453192	0.3190227473943191	0.12839216461724587	0.04248601116467693	0.09133156344100071	0.11324954899458868	0.17072315799923085	0.12631729371590547	0.0	0.15271407478878177	0.053199985407464484	0.08473010330486186	0.0037951482504258224	0.1439478945144705	0.03707478441753887	0.28883309165706905	0.0	0.13013506541097702	0.1874108449460126	0.1109145674436911	0.056829439670359194	0.012188521390772453	0.13764811513282424	0.12446893136057405	0.08173303685181706	0.0	0.0	0.40031262539303747	0.10338087080301644	0.40559082786875805	0.04275974514707369	0.37916355588828093	0.09333151998878203	0.0	0.0974687848538884	0.16809226344859432	0.13203019968509708	0.10357107240902598	0.007960356627805844	0.1695216845869998	0.023708819107821164	0.22740696845744185	0.17811880639401909	0.19887299966792424	0.1225796860691927	0.13073986039572735
nagBACD	0.02840348617385615	0.0	0.0	0.0	0.050133710566655165	0.15942384015859257	0.061124024529678946	0.0	0.08285602112516227	0.2789285675286858	0.21958242955101825	0.0	0.0	0.29781196612052546	0.14438564536825735	0.2966082109215373	0.2491055083279657	0.2766207493302465	0.2145788676124406	0.07025008039809243	0.09950890267978658	0.0	0.334238065660971	0.03302804227817538	0.07511647199582105	0.2061148473047789	0.27424644691145555	0.2468179846696	0.30244021474919924	0.004673453753211023	0.26835488404028496	0.2751925117431075	0.0	0.1323145954277194	0.023180495820921396	0.37170683726076165	0.0	0.18400092575972932	0.2569013320060311	0.0	0.056964107807696306	0.2819439260439935	0.20300352145762574	0.13703434767453643	0.022656485589179563	0.0	0.0	0.14036967457695404	0.2397944652487071	0.37392903597906796	0.0	0.01258047221861831	0.0	0.34032413457470845	0.08376739394268026	0.0	0.4819780895395934	0.0672496318189528	0.02931276200761562	0.30789783585859143	0.04594478262510694	0.0	0.29690923971026706	0.11126623437188321	0.29099013958883063	0.1362153062170211	0.10258984482861426	0.2642978899429652	0.0935213851071461	0.0	0.1000744343926077	0.4112918595608986	0.30874904571065187	0.16012388202506186	0.5907929314227229	0.0	0.17518777335052105	0.0	0.10476015688043709	0.11195092478651604	0.19638571894641574	0.06439928704787858	0.29663060744862624	0.0	0.2732012026597673	0.04456355529937152	0.0	0.0	0.022893080787799003	0.0	0.02861056309273625	0.09136338645140701	0.0	0.0	0.4362562541178517	0.1979568079511424	0.11767218074197557	0.008422070801844376	0.23854248299427436	0.05814780816244553
araJ	0.0	0.027212255418809922	0.0	0.03484074204187138	0.11259868740085706	0.0	0.044869068453380935	0.0	0.08861942856281531	0.6375018136681943	0.5604878063655423	0.0789824628397447	0.0	0.26143222875883965	0.005443942608339957	0.101242762598708	0.3035349447033564	0.7555571894666264	0.6438619066639648	0.48064651064415254	0.0	0.334238065660971	0.0	0.0	0.0	0.3608112053583773	0.5540202656984681	0.4132706288561131	0.7067339526027848	0.03455439389678044	0.724829667962799	0.5977958477634777	0.0	0.2691511230034659	0.0	0.5901566339218919	0.05678890688235294	0.1945724495302991	0.4076532361210554	0.027431774619647034	0.3008721599124782	0.7216137139148943	0.41576765036927965	0.09230283940183996	0.03684033358005203	0.05622056409832011	0.0	0.0	0.5971628281488759	0.5538318448233077	0.0	0.12624105792237594	0.10918481158591369	0.35829989545500784	0.0	0.009183020327823876	0.6240274751744678	0.0	0.12210471408940066	0.07331690960413326	0.03826306444694157	0.0	0.6112788102250113	0.3138262992774479	0.44845448586485637	0.35526260178650343	0.0	0.5238168848024182	0.0	0.009548458311209939	0.11836911855752497	0.7715517450426589	0.003455261390467199	0.00513257552995309	0.5753481428383083	0.0	0.27023632135536857	0.0	0.05989037795570892	0.0	0.0	0.0	0.49084345788270095	0.0	0.6660819954944751	0.0	0.10597558796743385	0.025087330007487647	0.04772176691465424	0.0	0.0	0.023171247147281127	0.03467210106490547	0.15453056861663475	0.30956197465224367	0.0	0.0	0.0	0.7418311898609058	0.04455777616094298
nupG	0.0	0.14658863302417097	0.0	0.11401593839636034	0.16702839629764285	0.04848067719964011	0.0679759558790891	0.19876133615772368	0.0	0.02727378418761539	0.0	0.0	0.0	0.20846153191033362	0.0	0.0	0.13885908729691415	0.15809196660308425	0.10510795378309724	0.16395032793405354	0.0687690934445222	0.03302804227817538	0.0	0.0	0.0	0.0	0.0	0.0	0.0	0.11779099008033599	0.06470390818136477	0.15627879196287073	0.0	0.032392245205303385	0.0	0.1951164508869984	0.19288917846732964	0.0	0.1634971686304917	0.06612505545768295	0.008646118345595573	0.11557825851477045	0.0	0.0	0.06884253375803727	0.11234721709200036	0.0	0.06608972538023777	0.1876141422255423	0.18209197747713546	0.18869950358540305	0.16155491846934666	0.0	0.0	0.20675340478866633	0.02122974147781636	0.0662446991123406	0.11745725405873415	0.3155289170718665	0.0	0.0	0.0	0.0	0.03270883523013041	0.0	0.02001958215269219	0.1521318903136887	0.0	0.1709451804098042	0.259210910858179	0.0	0.21014047850891365	0.0	0.0	0.03207600180860667	0.2567431790078907	0.012201114290480786	0.11047879028972973	0.0	0.03508592077191477	0.03997185791415764	0.0	0.08058024823697099	0.0	0.25148521620207404	0.15635377917532636	0.0	0.0582120416032606	0.0	0.1628772017929426	0.1113615468158314	0.005410181630702418	0.0	0.0	0.03218433550422868	0.017979040427362165	0.0	0.08363994807510018	0.021342080377133383	0.2503087911186576
ecfK	0.13143267203635425	0.1533733848434261	0.1887066383948816	0.20289257603356	0.37170946774781444	0.35885535592384477	0.41384866914534263	0.2863536808525369	0.299567290083037	0.07887696607759893	0.0	0.10717877800959019	0.3165216880464872	0.1182103171117451	0.0	0.03333621936862495	0.09766513747353799	0.034109127265396	0.016589282801582048	0.2281877133034703	0.17557673026332538	0.07511647199582105	0.0	0.0	0.0	0.029894003695755185	0.0	0.13971445812468747	0.08374759418401853	0.29111413638530687	0.0	0.0	0.32732426103007756	0.042939268200650076	0.14609165159569562	0.19082652549256365	0.0	0.0	0.06012936328186595	0.07167398718956125	0.0	0.05170808396409035	0.0	0.0	0.0	0.0	0.45739388847338985	0.15725002309550573	0.16298907592382436	0.0	0.0	0.1688379680712668	0.0	0.08583034498572374	0.15799834278869945	0.35008862849676603	0.0	0.005185685013836891	0.0	0.09559308526214694	0.0	0.2353874224029765	0.0	0.07635447972983347	0.07838120950378366	0.0	0.08019293687870334	0.038340845980519685	0.020104104309041682	0.0	0.0	0.23513467255670806	0.0	0.28230636303878354	0.12181715328542057	0.0	0.0	0.0	0.02384667440792214	0.09621760728933032	0.0	0.30759836285097086	0.055170196804073174	0.19382599082846796	0.08350142809061385	0.1691091621620539	0.1415559350206182	0.0	0.1644757212806917	0.0	0.40234794652826045	0.0	0.19979891181815138	0.0	0.13684389766726807	0.34367581231530914	0.1964062056444151	0.4479296249095345	0.175861457549767	0.13139799093450102
