	lon	rpoH	mopA	htpG	rpoE_rseABC	ibpAB	ecfABC	ecfH	fkpA	crp	araE	xprB_dsbC_recJ	lpxDA_fabZ	ppiA	dnaA	ptsHI_crr	cirA	cyaA	speC	araBAD	clpP	nagBACD	araJ	nupG	ecfK	fur	yhfA	srlAEBD_gutM_srlR_gutQ	fucPIKUR	mopB	mglBAC	malK_lamB_malM	uppS_cdsA_ecfE	fecIR	sodA	tnaLAB	deoCABD	fepB	glgS	htrA	acs	ebgAC	araC	ansB	fnr	himA	cytR	narK	gntKU	ivbL_ilvBN	icdA	hflB	arcA	fhuACDB	frdABCD	ecfD	malEFG	narL	appY	dcuB_fumB	focA_pflB	ecfG	melAB	tdcABCDEFG	gltA	fixABCX	hypABCDE	fucAO	nuoABCEFGHIJKLMN	aceBAK	caiTABCDE	malT	nrfABCDEFG	tsx	gntT	cydAB	manXYZ	appCBA	ompC	yjdHG	cpxAR	htpY	malI	dnaKJ	malS	grpE	deoR	pspABCDE	sdhCDAB_b0725_sucABCD	dmsABC	ostA_surA_pdxA	FruR	marRAB	cyoABCDE	tonB	soxS	nfo	rpoD	uhpT	caiF	bgr_oxyR	bgr_gorA	bgr_katG	bgr_nlpD_rpoS	bgr_ahpCF	bgr_dps	bgr_himA	bgr_proP	bgr_crp	bgr_yhdG_fis	bgr_osmY	bgr_osmC	bgr_hns	bgr_acs	bgr_fnr	bgr_fur	bgr_cspA	bgr_rhaBAD	bgr_rhaSR	bgr_araE	bgr_nagE	bgr_rpoH	bgr_dnaA	bgr_cytR	bgr_tonB	bgr_mopA	bgr_gltA	bgr_speC	bgr_fucAO	bgr_nupG	bgr_deoR	bgr_malXY	bgr_fliAZY	bgr_flhDC	bgr_lacZYA	bgr_lacI	bgr_caiTABCDE	bgr_caiF	bgr_narL	bgr_malEFG	bgr_manXYZ	bgr_mlc	bgr_pdhR_aceEF_lpdA	bgr_proK	bgr_ansB	bgr_valUXY_lysV	bgr_pheU	bgr_cyaA	bgr_proL	bgr_pheV	bgr_flgBCDEFGHIJK	bgr_ubiG	bgr_araJ	bgr_ibpAB	bgr_gntKU	bgr_gntR	bgr_sdhCDAB_b0725_sucABCD	bgr_tsx	bgr_fhuACDB	bgr_aldB	bgr_rhaT	bgr_fucPIKUR	bgr_glgS	bgr_fliFGHIJK	bgr_mopB	bgr_malT	bgr_hypABCDE	bgr_malK_lamB_malM	bgr_tdcABCDEFG	bgr_metT_leuW_glnUW_metU_glnVX	bgr_osmE	bgr_dnaKJ	bgr_clpP	bgr_hflB	bgr_nrdAB	bgr_tyrTV	bgr_aspV	bgr_glcDEFGB	bgr_glcC	bgr_narK	bgr_mglBAC	bgr_arcA	bgr_dcuB_fumB	bgr_ompR_envZ	bgr_fliDST	bgr_uhpT	bgr_yiaKLMNOPQRS	bgr_argU	bgr_ptsHI_crr	bgr_pspABCDE	bgr_fixABCX	bgr_nagBACD	bgr_fliE	bgr_serT	bgr_gyrA	bgr_rcsAB	bgr_entCEBA	bgr_cyoABCDE	bgr_araC	bgr_icdA
lon	0.0	0.07445435111000649	0.029287796197757947	0.04513112831191842	0.054786295445842355	0.00029356984543700034	0.027867758282341667	0.03506316708534862	0.026434154336173486	0.0	0.010378895906527765	0.0585837449521129	0.08326015526534472	0.0	0.0	0.021458575083950947	0.03508467126746632	0.008610950883951118	0.0	0.0	0.5718279608472594	0.0216457351551028	0.0434006717987183	0.0	0.015491416537825578	0.031035654218771847	0.023066873418460705	0.0	0.0	0.07168413495060451	0.003777394603788757	0.01754761918509971	0.03982222459752606	0.023580127579527283	0.007166973752804113	0.0	0.03644133837186398	0.0	0.0	0.04144404298097526	0.0	0.0	0.05103466150002124	0.0	0.0	0.0	0.04063151064200255	0.008354758163078738	0.04144210824091559	0.0333020679991768	0.0	0.10142048389674543	0.020692250943016834	0.0	0.0	0.030650293737017366	0.0	0.0	0.05430625588063407	0.0	0.0005184959948079898	0.04845565549035077	0.04517989466088887	0.0624216803780264	0.0	0.0	0.0	0.0	0.006696305121385348	0.00785666951341881	0.11958472019641854	0.0	0.013090001773451723	0.007436030404006536	0.0	0.0	0.057293288950566866	0.008957678366149231	0.0	0.0	0.1451360775462192	0.59704047276127	0.0005369436348336716	0.06643550200675892	0.0	0.1312948612608117	0.017501119791615238	0.02920545523090844	0.0	0.0	0.06777837848164829	0.0	0.0	0.004840658768678846	0.0	0.0032029288634917268	0.05052112281353679	0.02762490756323425	0.0	0.0	0.0	0.019177176674144723	0.0043616344366011976	0.0	0.027321774466920794	0.0	0.0	0.03447681792973904	0.051989204640104515	0.025859366903421555	0.0	0.0	0.017890280737030584	0.0	0.033985892456214445	0.0	0.0	0.01301662390247221	0.0	0.0	0.0	0.033408922938550696	0.020806460094344316	0.002723172481614631	0.0051642345168640994	0.0	0.0218294756891099	0.019347516927346205	0.0	0.0	0.0	0.04428382008223335	0.035190748257638224	0.022221661630082778	0.004277862635666063	0.01379786499999256	0.028875731200893158	0.01053254275574118	0.0	0.0	0.0	0.0	0.0	0.0227651754441087	0.03903570973446349	0.012720196937664172	0.0	0.004573828953335867	0.030812637563181342	0.035795375684007036	0.0014944232210167116	0.1373638634692852	0.0	0.04225611284183486	0.0	0.0017305128699137543	0.07913621548812469	0.0	0.03755608409010695	0.004350569978612173	0.03964820771397699	0.015990975423574014	0.0	0.038131253304654354	0.0	0.0	0.030975595219157926	0.0	0.025343379489897472	0.004746637885156201	0.0	0.0017991223911782194	0.0	0.016025408302380733	0.0422492319034846	0.045166409517408516	0.0	0.0	0.0	0.029179087740189368	0.04433281643919064	0.03205164622997766	0.055858504362682956	0.0	0.0	0.009889054064560865	0.015357735382117139	0.0	0.004242819308526499	0.006361284657431476	0.0	0.0	0.042542454009052655	0.007255514841267415	0.022878506207851746	0.0	0.0	0.0	0.0	0.02689961398173294
rpoH	0.07445435111000649	0.0	0.07495367563520133	0.07311412211038427	0.11620045067407411	0.046287473173892486	0.04216627541419274	0.04589438951545239	0.048754559485112384	0.0	0.0	0.6109986882748416	0.037239008090277206	0.0	0.0	0.04964612880573817	0.0	0.0005297603203979183	0.003981255417541613	0.0	0.036988475843983494	0.0	0.0	0.0	0.05572943775445121	0.006357279491709387	0.018577712956261823	0.0	0.0035580750645780404	0.10393329292869156	0.010059435567534485	0.026788308737616003	0.0	0.0	0.0	0.0	0.0	0.045720258929465615	0.0	0.04659512126035218	0.007095946373673414	0.04001566756563851	0.0	0.0	0.029202028682472625	0.0	0.008791754618347004	0.0	0.0	0.026523841985451213	0.0	0.08213057336250756	0.0	0.0	0.0	0.02830935152489668	0.0	0.0085747415078921	0.04484945722249764	0.03781623309695013	0.03652394155649987	0.08525114217992899	0.0	0.0	0.0	0.00489306848063049	0.0	0.04515075476825917	0.05023609108105213	0.0	0.0	0.0	0.0	0.026772694990014032	0.023226698602176687	0.018885746428580555	0.05914210092888407	0.02615176994004765	0.025730079475585	0.04667862423300444	0.0	0.06176358034100503	0.0	0.5829875359064319	0.005503205556058667	0.08893252497992114	0.0	0.010715656822467308	0.0	0.0	0.037039146008530324	0.02903889156503702	0.0	0.02503621775516231	0.0	0.027260276271363928	0.014069398484032488	0.06339910825875009	0.0	0.016141191041899965	0.0	0.0	0.0	0.0	0.0	0.010903894812351276	0.0001910087976293389	0.0	0.0	0.04177024605723495	0.002398419948682531	0.0	0.06545033503156164	0.04318706195537962	0.01106960841150204	0.013660499207879874	0.0	0.05348941365273526	0.07083099097454774	0.02654542897092552	0.0	0.0	0.0	0.0	0.0018246309962396865	0.0	0.048374688074441764	0.01574691295738862	0.08405124201689407	0.0	0.00512647799470614	0.05001881839901642	0.03493656104287201	0.0	0.0	0.0	0.0	0.0	0.0	0.0	0.0	0.0	0.028193857765413458	0.0	0.02925572161831657	0.04273224698847331	0.0	0.03782072018768522	0.0	0.03372721716926861	0.030428920281013017	0.05183387520872526	0.0032383035168225163	0.011445209083485055	0.0	0.0	0.0790237775179545	0.027020584127787614	0.015053977624442532	0.027924152655953802	0.00886506318914787	0.010105282568318634	0.0	0.002434979818603912	0.0096189399251216	0.05096960101962685	0.47417237461024037	0.0	0.023857485447827745	0.0	0.0	0.0	0.016061454273053503	0.0	0.0	0.0	0.0	0.07190378579303484	0.0	0.04893462033680901	0.06907862928952418	0.04573121170374058	0.032643698850417645	0.020201638325034604	0.004028820420410396	0.0	0.0	0.0	0.06467067963597545	0.0	0.03584943584938866	0.04944899846722387	0.009889462005384276	0.04191034940028903	0.0018573245407558976	0.0	0.0	0.023687328903742817	0.049109387933611526	0.0
mopA	0.029287796197757947	0.07495367563520133	0.0	0.07055392945754344	0.034090579832980826	0.11152319987466108	0.0	0.010543768761429267	0.053392309812717115	0.02533867263497789	0.03638957160197065	0.030407041060595864	0.046149731791501995	0.034764930898693036	0.011267552428826409	0.0	0.0	0.018734523570045042	0.02370072981083233	0.0	0.0	0.024044164217432048	0.0021852586553459314	0.04755080011575547	0.013648945596458184	0.03249987308991008	0.0	0.09820329478882085	0.0	0.02822356077112645	0.0	0.003040636844235479	0.031790497024669705	0.0	0.0	0.011924059983775553	0.007101993400177804	0.04234241335718127	0.04254092020825992	0.049633232645527096	0.0	0.02907719021346032	0.01219397112027737	0.0	0.010522454083561896	0.0	0.05152890335684819	0.0	0.04451147328936656	0.0	0.0059303019251347785	0.5412809320541279	0.0	0.0	0.0	0.004439580397371538	0.0	0.020864202355977596	0.0	0.0	0.0	0.007664082477963133	0.025998343872915407	0.031106891283185653	0.06111851637697574	0.012640486598220065	0.0	0.0	0.0	0.0	0.05251491452616796	0.0	0.01094800936374991	0.0	0.0	0.11544718522369243	0.0	0.032651051090702585	0.0	0.0	0.07606239381594952	0.03947206958914898	0.0	0.05198002080903409	0.035891110958668475	0.1104897894475468	0.06948052727713415	0.0	0.03483950885660343	0.038840922292218104	0.0	0.025870155910394082	0.0	0.0	0.0	0.0	0.0	0.05455286099443612	0.0	0.010101427379182133	0.01015842126319461	0.0	0.01682439126267371	0.010317104841491988	0.0	0.0	0.00039298013272081174	0.0	0.0016704053238893704	0.0674142850308629	0.0	0.0	0.0	0.0	0.005565400288791172	0.10507767460783957	0.0	0.0	0.0	0.0006253874703021152	0.0	0.0	0.0	0.0	0.0	0.01499318885174351	0.0	0.0	0.0	0.0	0.0	0.0	0.0	0.0	0.0345419360200245	0.07473178640694365	0.0	0.01799542808478935	0.040562806085973194	0.006008617621020134	0.0	0.001437745616731158	0.0176724444590762	0.0	0.022381281841456307	0.0	0.015835009126934772	0.0	0.007421611905358312	0.041520555601928195	0.09680451755286737	0.0013568304007232474	0.0	0.03176513447431018	0.07819926006560522	0.0	0.018756239753862692	0.0	0.0	0.009335825764149965	0.0	0.028251662622152098	0.0	0.0	0.004952017619443302	0.010287393718483952	0.02144224631888995	0.01737114173900368	0.0	0.036038044009367505	0.0	0.0	0.0	0.0	0.04315548194487925	0.0	0.10909938726800134	0.0	0.010484714412690783	0.0	0.0	0.04165400039109333	0.00821404395996962	0.012673422635980041	0.0	0.026925462140691768	0.02240028274029476	0.0	0.0	0.0	0.039408562915030684	0.0	0.0	0.0	0.010624167590296055	0.020777114782346905	0.0	0.0	0.0	0.0
htpG	0.04513112831191842	0.07311412211038427	0.07055392945754344	0.0	0.05014422904551702	0.06325960449251182	0.030734748082275623	0.0	0.039333697542594435	0.03957614162271053	0.05486922321864228	0.03723254413412532	0.0	0.0992141783924471	0.0	0.028845925341231933	0.0014824704589509292	0.02059461259432018	0.011102504829880056	0.0	0.03016129418177432	0.0	0.07335128252032289	0.0	0.0	0.026423243519683382	0.02551096029021189	0.003010184590997683	0.03643887765473231	0.06080122120443776	0.0	0.004219300900436437	0.020436518526979416	0.0	0.0	0.022446456552186963	0.03246251310010102	0.04966499572610518	0.05572055972828261	0.04203516275281238	0.012795361555740983	0.02378419310862671	0.01684977048964659	0.017281442064136766	0.0	0.03874499193278623	0.0	0.04467668100676973	0.005202636949597808	0.029308293557602425	0.03081967021559643	0.5664785085298374	0.0	0.025118761472857163	0.0	0.0	0.02006613708738042	0.0	0.0210124672156493	0.0	0.008595137546320146	0.0	0.02704551380520405	0.009948157602572219	0.03065378654543339	0.013807157627548555	0.013893472214545705	0.005180913824914645	0.0	0.0	0.041724619096878336	0.0	0.030624975908085314	0.01527858384074368	0.01960044088457106	0.03156180822317208	0.019352121949532255	0.0	0.017675276419994057	0.001755978040743176	0.05605164558478904	0.051685894863691996	0.036318209540022586	0.10049513760019609	0.03209817728240612	0.08102901437712764	0.0022542756713117844	0.03722157653599315	0.04546812414031199	0.025577652279266037	0.008924703445513677	0.0	0.0	0.017927985535095826	0.011140629529994648	0.05065680417235805	0.0	0.0	0.009865390043041631	0.0	0.01926747757989772	0.0	0.0	0.006654485095113107	0.0	0.0	0.040636811742156734	0.019703631284707934	0.020875760762911023	0.008966113784013505	0.0	0.011648296642569587	0.058648549718915324	0.05544621911701261	0.03465705638286051	0.0	0.0	0.01174527934689086	0.0	0.0	0.0	0.0	0.044408043252443845	0.0	0.0	0.020428098728812277	0.0	0.07845287534858736	0.0	0.025723495273465853	0.008221390919210517	0.017675469482492625	0.0	0.05631726015039908	0.0	0.017672909806037716	0.10295394496706683	0.04821576149904635	0.026455164036713445	0.030821703617560398	0.0	0.05570434573966463	0.018944505238722053	0.011346943558169587	0.02271966899368116	0.0	0.03389252539880685	0.018706834580774604	0.002006955375066279	0.033564519858309064	0.022181196655595613	0.00520050756941274	0.07061728330288175	0.0027616698770406805	0.014532520136347012	0.011983639256329582	0.0	0.0	0.011795969360248215	0.0	0.009519361670039996	0.0	0.01253449820889461	0.014536944133816206	0.0	0.028380543241405036	0.03202795903734684	0.0004123038352550751	0.07939103567995524	0.017944135937996392	0.0	0.0	0.0	0.0	0.03682994654252163	0.0	0.0362706168185315	0.0	0.0	0.0	0.0	0.007515099944663586	0.03571137422352609	0.011792717732821957	0.05579393995303606	0.04816728772697207	0.0	0.0	0.04779762259372068	0.0	0.05813907987019112	0.024970168552541822	0.01937254919736015	0.0444438986746819	0.05956448234007228	0.03569464915091486	0.02867935363417455	0.014705451221868922	0.006611744158645033	0.0
rpoE_rseABC	0.054786295445842355	0.11620045067407411	0.034090579832980826	0.05014422904551702	0.0	0.0	0.6791993661827763	0.07391314729532822	0.1240113487432052	0.008249128306876333	0.014753677353014073	0.03758413076323464	0.7333311339344438	0.0	0.0	0.06162233141931631	0.02695876210924703	0.04465891020134664	0.010540799063472238	0.0	0.06269793111450853	0.0	0.0	0.015801416333203217	0.08415018536119181	0.011357751237997999	0.029774833822312947	0.03255223735655253	0.04456138619864759	0.054769659365719404	0.0	0.003839820679373341	0.13827400833075576	0.014350652071292198	0.0	0.026231262902898286	0.0	0.0009716193733487733	0.025013026653382345	0.026277710110867412	0.0	0.0	0.0	0.0	0.0	0.013353766277887572	0.029116315027030035	0.0	0.052420975413894615	0.0	0.0	0.04480931762902388	0.0	0.0	0.0	0.7068963787632448	0.0	0.0	0.0	0.0	0.03444844586880855	0.08378947863022049	0.033552410497361955	0.020054434289095584	0.01359663440451222	0.0	0.04106726246941319	0.0	0.0	0.0	0.047935386925434524	0.000161307864585744	0.036703784212692686	0.047310784027995434	0.018246148712324103	0.0	0.0	0.07651544599936427	0.004451003601463879	0.022715975025938678	0.0	0.02673871427701429	0.0	0.06791813390400957	0.04222246726383943	0.04461495130873725	0.014515001657620395	0.0	0.0	0.0	0.07428150609451645	0.0	0.0	0.011153417306035633	0.0	0.0	0.0037177558852880747	0.10411504607061982	0.0	0.006076992956533148	0.07643070725120865	0.06382046796254325	0.023538011750834108	0.06004672702680577	0.1034842134406483	0.036903186937180955	0.023312833915887697	0.031672169990906614	0.0	0.00887263382046757	0.03996620746709661	0.0	5.233842601835131e-05	0.0	0.07102229990308087	0.0	0.03996801057964914	0.022900445659826848	0.0	0.05116422765115338	0.05586541873677858	0.0	0.06186675333869754	0.0	0.01132439848123757	0.0	0.0	0.0	0.0	0.0	0.028300975145603875	0.004288409118257647	0.0	0.0	0.0	0.03519296129150449	0.003412220748993127	0.0	0.0	0.044765399207201254	0.0	0.030373131350872842	0.0	0.0	0.019616470397209124	0.05698246387160143	0.0	0.02464642491632335	0.03793862132476436	0.0	0.0	0.08357225099436646	0.019574191868708887	0.0	0.0	0.014347462664645294	0.036608354471607096	0.0	0.00392596632547727	0.0	0.0	0.0	0.0	0.021384269529840856	0.49009372620332237	0.0	0.026705975009326324	0.0030708392329432646	0.008994926526704285	0.0	0.023254616973160894	0.0007246756074164076	0.004209555819961642	0.09063633647414573	0.03239239717318158	0.06628739985312758	0.04486395666360307	0.0	0.0	0.0	0.0	0.0031866545787813997	0.0	0.03711330496223418	0.034726069013909705	0.0	0.0005786377763398968	0.0017938113264370757	0.0	0.01648749975983152	0.012646987730020053	0.03083879964770397	0.034623886941115845	0.0	0.0	0.030129915695836038	0.0	0.026107607716635804	0.03478528661112052	0.04605686376545336
ibpAB	0.00029356984543700034	0.046287473173892486	0.11152319987466108	0.06325960449251182	0.0	0.0	0.023603823309057737	0.05558524927510886	0.028221197490316742	0.022234206630161728	0.008261613000595108	0.06654424196322767	0.0	0.06621311960808682	0.024144722129504605	0.0005492698232569793	0.0	0.0	0.03594621038228281	0.05023686325886293	0.015528220782618101	0.032797323269888344	0.0	0.06790822753388046	0.02557004662497048	0.02475881783644387	0.030569383068842375	0.022100784403551784	0.08986346130864711	0.046340816033101175	0.0	0.04689641497852609	0.028023202544211243	0.021594942497970216	0.0	0.015885130142768253	0.0033713788122548007	0.0301112580515094	0.03679494255257049	0.04151903313691793	0.014668565972579588	0.0	0.03357933740638303	0.0	0.0012783518563631666	0.0	0.534363349849326	0.0	0.0	0.035855148843843665	0.02990224192742495	0.045313046713614434	0.0	0.04057427536865588	0.015983756691140594	0.022975257316866463	0.0	0.0	0.00017508771752825135	0.0	0.0	0.0	0.024063816991656856	0.0	0.03606542214386979	0.044086972369898086	0.0	0.018212910590984448	0.013556601343486184	0.013970434976418556	0.06690594406432135	0.0031351160820865392	0.0	0.0	0.04049279134324682	0.0	0.007549801692364985	0.04975146971845315	0.004228389602835847	0.0023514224401075235	0.024055448026854654	0.09298218704367323	0.0	0.5804346450063337	0.017485333860698005	0.041203954717334845	0.0	0.0	0.023122331551290516	0.0	0.018394545790749842	0.021341301046507746	0.05219907019922095	0.0	0.0	0.01622385739879191	0.0	0.04610283751535192	0.03786119786201204	0.0	0.0	0.009927500333699045	0.0	0.0	0.02087268956821438	0.019524565879610635	0.0	0.0	0.0	0.0495674228902484	0.05088548190466068	0.0	0.0	0.03688002443609105	0.003665353572071668	0.0130239781897014	0.0	0.0	0.0	0.039900855434563585	0.06154687863485013	0.0	0.019101331248127688	0.0	0.0	0.0	0.0	0.0	0.005062261445402332	0.0	0.0	0.0	0.007499711522024854	0.0	0.027090487241514742	0.49908444776593863	0.0	0.0	0.0	0.0	0.0	0.008188569664910718	0.01632295547763715	0.0	0.0	0.058469827113483024	0.0	0.008870972409363125	0.009604731976078112	0.0	0.0	0.0	0.02290120740975923	0.0	0.0	0.03700546636082403	0.0	0.08245948395287513	0.044265278096907695	0.04691270778239578	0.0	0.022231231560544174	0.022513955602230656	0.0	0.0	0.002175132816231183	0.0	0.0	0.014781292180912434	0.004063222597717021	0.043306720150100016	0.0	0.012186961024511611	0.0	0.043545808551005795	0.0	0.0018891896591207863	0.031637723012262635	0.04695531854198864	0.0	0.0	0.0	0.0	0.014773576214952969	0.005032973529415381	0.0	0.0	0.018359777342763964	0.0	0.0	0.0	0.0	0.02255243378180135	0.026264276782368694	0.0	0.0	0.0	0.012374781400185234	0.0	0.0
ecfABC	0.027867758282341667	0.04216627541419274	0.0	0.030734748082275623	0.6791993661827763	0.023603823309057737	0.0	0.05390062732689327	0.05542255298224617	0.0	0.0	0.04919247405626477	0.12166996523883089	0.0	0.0	0.0	0.02254823866837908	0.01648363380217997	0.031129756312551774	0.0	0.03765454458036573	0.008892484580385319	0.0035819066790006683	0.028860324297974242	0.05923818405005285	0.0	0.018998792050976432	0.0	0.0	0.02851556593219135	0.04251353908075803	0.06753037442620882	0.07223314008802188	0.0	0.03478559915701022	0.0	0.0	0.016743631117604033	0.0	0.0	0.0	0.03242309391186473	0.0	0.0	0.0	0.018659825723347685	0.0	0.023644142240241563	0.02732276214182111	0.036490441043981275	0.0	0.051637004095727794	0.02123587337361412	0.010358112851082686	0.0	0.10229002705636384	0.0	0.0	0.0	0.0	0.009986048932342501	0.05748513605106648	0.0	0.01965529375033787	0.0	0.0	0.0	0.0	0.029655955500058156	0.0	0.028616109090172055	0.0	0.0	0.02133317450827676	0.012309084991470001	0.0	0.013170813536895656	0.01184880563505997	0.0	0.14415541407669594	0.0	0.0383195624003562	0.029162071056447036	0.05043594701433737	0.0028320794967478277	0.042284319094242254	0.02854581871201532	0.030256009661689724	0.0	0.029940692424659153	0.07592962422801203	0.003454800621794088	0.0	0.007951658457736972	0.0	0.01545065934930439	0.034360090844484194	0.14142302371830096	0.028803081910427724	0.060893176324178025	0.00519086443963539	0.02898035235363824	0.0	0.0	0.0	0.0	0.0	0.0	0.012591399433176666	0.0027197194950832914	0.002943143326692314	0.007635635128316388	0.0007171509344047617	0.04434107381322598	0.0	0.0	0.0	0.0	0.0	0.009560840556273683	0.018005444359655093	0.0015112414588925988	0.0006954188552186714	0.0010834054445151787	0.0	0.0	0.041817700314044345	0.0	0.0	0.0	0.005710191915122539	0.029157246124077513	0.009803951647427868	0.019592784389100237	0.0	0.0	0.05986300012526601	0.0	0.051030301852733634	0.0	0.0	0.09210182083323115	0.0	0.0	0.0	0.007842244504231462	0.0	0.0	0.0	0.031521030711289186	0.0	0.02364080510296688	0.0	0.0	0.0	0.030550049959913967	0.0	0.0	0.0758900248586836	0.028546294283004748	0.0	0.0	0.0	0.003773877611709427	0.0	0.0	0.0	0.0	0.005023331382081837	0.06253605255610031	0.0	0.0	0.0	0.0	0.03624976460550726	0.026136892001541213	0.0	0.0	0.010529813340809853	0.0	0.0	0.06825371435194875	0.03203601145676533	0.0015302506799854702	0.0	0.0	0.03448303865038531	0.003636077477655987	0.0	0.0	0.03810269790316265	0.0	0.0	0.03310289353473667	0.019274963948211602	0.04673387432672096	0.0	0.0	0.0	0.0
ecfH	0.03506316708534862	0.04589438951545239	0.010543768761429267	0.0	0.07391314729532822	0.05558524927510886	0.05390062732689327	0.0	0.7802287085776132	0.046914364166650936	0.0	0.1076031017173608	0.067917499061162	0.0	0.0	0.0	0.0	0.04782627486785066	0.055534144676952155	0.0	0.12883021646998374	0.0	0.008498082793852935	0.0	0.08882821395566161	0.01360923807408826	0.0	0.0	0.0	0.060214225758704866	0.03255283981403069	0.0	0.050667330983159634	0.003624496888028086	0.01590569260857436	0.0	0.0	0.0	0.0	0.006249136538832501	0.0	0.024887030745095635	0.0	0.0	0.0	0.027936337197551942	0.06372548947426568	0.0	0.0	0.029204677003954592	0.0	0.024811254131551812	0.0	0.0	0.0	0.11592690532369126	0.019471798017292968	0.08308844529107831	0.06753397070748773	0.0	0.07618926529728381	0.14809500815428334	0.04214955515482048	0.030011838285688153	0.029977475232083797	0.0	0.008045997562740005	0.0	0.0	0.0	0.005531630485138289	0.0	0.0	0.0	0.0	0.0	0.01083100597980111	0.0020847037174578638	0.0	0.0	0.0	0.03927829113530714	0.03208579001134029	0.019960624338965425	0.012366721882154246	0.06384957212896301	0.0	0.0	0.0	0.03421545989508394	0.06591013946045308	0.0	0.0	0.0	0.0	0.0	0.0	0.11136867256303291	0.00982549329695183	0.04266677387283998	0.0	0.0	0.0	0.0	0.0	0.01747422734965617	0.0	0.013926107356671874	0.0	0.0	0.0	0.0	0.0	0.011769709414046002	0.0	0.0	0.0	0.0	0.011232239016651263	0.02887339309393154	0.004789939036795197	0.0	0.0	0.013013331490559561	0.0	0.0	0.020020494899220927	0.03511542819860948	0.028309994193278013	0.0	0.0	0.0	0.004873637687518581	0.021038765684905588	0.0017879435292422793	0.0	0.1106190550757355	0.0	0.0	0.011673927400916	0.0	0.014535577151027376	0.0	0.0061309137499867845	0.01551134486517502	0.0	0.0	0.0	0.0	0.0	0.0	0.01933847824873138	0.034454388098077424	0.0	0.001781733967047394	0.004073369743283407	0.0	0.0	0.01268798007990647	0.0018376313704511359	0.0044628680887661525	0.0	0.0	0.008638253093967548	0.0067006508489550354	0.0	0.0	0.0	0.0	0.0	0.0	0.029814876509318477	0.0	0.0	0.0	0.0	0.0	0.0	0.0	0.0	0.0	0.0	0.0	0.0	0.0	0.06363875067787106	0.0	0.0	0.0	0.0	0.0	0.0	0.014330562300829377	0.0	0.0	0.0	0.0	0.0	0.05965202596841857	0.0
fkpA	0.026434154336173486	0.048754559485112384	0.053392309812717115	0.039333697542594435	0.1240113487432052	0.028221197490316742	0.05542255298224617	0.7802287085776132	0.0	0.0018860715746351734	0.04446283337852824	0.07576551950775491	0.07823820484612015	0.0	0.0	0.023221188620889857	0.0	0.012548866181260778	0.04149624879883186	0.043680604060838575	0.024170794463172766	0.0	0.0	0.050871670167562714	0.16394885369096307	0.0	0.04383575034988881	0.01979325925710855	0.033750344922920776	0.04479259081055264	0.0027143152212013495	0.024818813405245985	0.08287829920346827	0.0	0.07248317478623952	0.04805474641228189	0.0	0.010565174306080729	0.03217283554055543	0.039710874952627796	0.0	0.015996495744898434	0.0	0.0	0.0	0.0067013258539698264	0.02504025258915291	0.0	0.0082489637615531	0.016031611185106896	0.0	0.03237755697423812	0.0	0.0	0.011292645085206582	0.09607584889238444	0.08587505867321117	0.0	0.0	0.0	0.051703191705263656	0.9783359872226247	0.0	0.0	0.054314256018843717	0.0	0.057015126421570236	0.051512262883085025	0.036526142195004246	0.020864969162415634	0.0011059794218984595	0.026005220137096618	0.034980223043292846	0.0023329868314191076	0.0	0.015917912519234072	0.03337082072165933	0.0067070786924414	0.0	0.030131743494490423	0.022110823144441245	0.05805340725673255	0.064753099112902	0.03540934166314343	0.009910033415738987	0.03222919157268304	0.0	0.0	0.0	0.0	0.0893325441047763	0.008784288269461501	0.0	0.0	0.0	0.022412784831422408	0.012122123456854877	0.11318792930066585	0.0	0.02441185558292943	0.0	0.023215088284756834	0.01232867630412292	0.015893466535695348	0.0027712627305990145	0.047676031198061325	0.0	0.0	0.0	0.03502009520568609	0.0019436278739819093	0.0	0.05680515201494886	0.004628748388741663	0.0	0.0	0.0	0.015272079364500016	0.0	0.0	0.016531259412781194	0.03624841265497062	0.0497318017184319	0.0031226774527684104	0.0015248207827107142	0.007409900460343874	0.10545988433240581	0.004083684663163212	0.0006930744741813138	0.030362981524070246	0.0	0.0	0.0	0.0	0.0	0.0	0.0	0.009495122554437364	0.0	0.0	0.031163035969954383	0.0	0.0	0.061018611896186764	0.04032632292597498	0.5388853023770002	0.005822329671240893	0.0	0.0	0.0	0.0	0.011126294968662182	0.033146605839602154	0.0	0.0	0.022656699943553002	0.020470150811628354	0.0	0.020302451086420578	0.0	0.0	0.0	0.0	0.002899424233561192	0.03088822929044199	0.0011147585525454911	0.0	0.0	0.035434433545266056	0.013722375329261495	0.023356136063048316	0.0	0.0	0.0	0.01506934872838254	0.0	0.0	0.0	0.0	0.02157551216170381	0.00651483532657597	0.0012238682578190325	0.0	0.0	0.0	0.0	0.0	0.0	0.0	0.0	0.02641384071812213	0.0	0.0	0.06198646389028501	0.0	0.0	0.0	0.009720511071646771	0.04082644174309746	0.020360606178239225
crp	0.0	0.0	0.02533867263497789	0.03957614162271053	0.008249128306876333	0.022234206630161728	0.0	0.046914364166650936	0.0018860715746351734	0.0	0.06479859580373644	0.02140780481061007	0.05017182022624402	0.0419734306059925	0.048789895491387215	0.020996337877844447	0.05712564263954325	0.11543593145279132	0.06387602863254223	0.05165208473427295	0.022498429245741892	0.049728316421317566	0.07716114344506655	0.031139165067308187	0.0422330911110912	0.7757792961147293	0.11573736048076265	0.062418936335455213	0.0868727865662444	0.0	0.2030735084292281	0.07590446154704794	0.03839398721023091	0.05974901496207067	0.0	0.055061961246557795	0.0	0.05498383732892829	0.07928760672602365	0.028333927552055813	0.1785851298344085	0.060924281818995604	0.05322023276099715	0.044418675894642	0.03885660289127101	0.08638243037845639	0.03741834248451772	0.01213944212595957	0.08524768752307148	0.12035217983169418	0.030808429037035838	0.017862837533865437	0.036431385391167866	0.05659291253397065	0.002512385755979419	0.004620678252178616	0.10373385650608	0.004188887489563535	0.026606702878965136	0.5021090360007239	0.015236256109112022	0.02618303639611831	0.07391434401087696	0.013686520883691542	0.059803497083167005	0.04962052802976628	0.04150628660397282	0.052610844744823755	0.0	0.05010964349789584	0.04992392905878883	0.29809597208303656	0.0	0.04045738538186691	0.1384457766401904	0.03975889923086895	0.06625684821500931	0.05555642882548028	0.12436742489656949	0.0	0.020532970410140343	0.03110518471228672	0.7119643073613896	0.0	0.9210770138695181	0.020343391943944047	0.030869912022859262	0.12787364284738623	0.07581295831275629	0.0341285544356848	0.0	0.0	0.0	0.02056750447109864	0.06113296721298186	0.0	0.022378178959763323	0.011960075502152171	0.09664592564104857	0.013857694740568631	0.0	0.0	0.0020154255962375415	0.0	0.03804827351260374	0.0	0.006356392088976582	0.03377718641121172	0.0	0.0	0.022751142198090143	0.024423121631745242	0.03261718747622393	0.0	0.002583037543718598	0.057252942987945185	0.0024022684988649094	0.006869258068293871	0.026260886481174365	0.06704483632073431	0.03374635895575163	0.030307618061961097	0.0	0.02636853033485445	0.02568025466548737	0.0	0.0	0.04635164561750439	0.04033788136239493	0.0	0.02333191108225544	0.0	0.06541460077022389	0.0473562119361247	0.04697200734689194	0.0430429143075461	0.0	0.01502468493454805	0.0	0.051113950572274594	0.035353819847307434	0.0	0.0	0.0024019605582388114	0.04934622123017919	0.018589984720704167	0.031273765211017164	0.0	0.0	0.0	0.009818688362966304	0.03963170044979467	0.0	0.054437899028279016	0.020486468186338393	0.012627921332959506	0.0	0.0101693923034314	0.0042519269922954095	0.0	0.0	0.0	0.0	0.021950959674841765	0.0	0.05823008561143483	0.03331464882798925	0.031245934311784528	0.0	0.015354541565227501	0.0022647384923999403	0.01630774772646958	0.025646319623120136	0.030007639485967862	0.13695752476313788	0.02587709080243654	0.022103146526267277	0.020523153703758908	0.009681462084763564	0.0522410130875798	0.03472574757968217	0.014881265303282414	0.0	0.040395888133232784	0.03699980780462045	0.003205104342741733	0.0	0.0	0.02670087456162169	0.0	0.006874970256254998	0.0	0.006949675858487211	0.026244444435729167	0.052871345938447646	0.0	0.015200900715485556	0.040396247177922256	0.021567057680735104	0.03734063398343231
araE	0.010378895906527765	0.0	0.03638957160197065	0.05486922321864228	0.014753677353014073	0.008261613000595108	0.0	0.0	0.04446283337852824	0.06479859580373644	0.0	0.1051712111700027	0.0	0.06505861326851445	0.04413838540512524	0.07384276066441173	0.7595921272733542	0.16805281028668592	0.07687963449886097	0.11597093512279709	0.0	0.06597705402402759	0.13979468717679583	0.04808138253399261	0.0311681751990079	0.19978729006399412	0.10534869944015514	0.053022087858193956	0.0713267177711198	0.044931586508939594	0.08133967314055583	0.060417239509091905	0.013547099788604439	0.04813163286804014	0.0	0.0506252988231896	0.04502355280207268	0.09691019684021408	0.09045739539566623	0.04179967878340942	0.046687008207701504	0.0812220876698741	0.0478756738352986	0.06777864684316515	0.0279132826383459	0.10042465572056393	0.0	0.013236070825713826	0.04995296538520415	0.12950981353819407	0.02419621101798955	0.019172879186785053	0.017677264285065587	0.061789969355409965	0.030620776252356235	0.020602613618531437	0.06290094578844214	0.0	0.039105179063636766	0.042809260052371394	0.06175902469999421	0.026781186784338402	0.2385556167299403	0.04570480316213749	0.05837946018464386	0.07028010284347794	0.03129873429450731	0.07476076856250596	0.029797614688138897	0.04356084224203966	0.064702625454949	0.04760527539927835	0.015990878023788523	0.02367752130309634	0.08054911845981458	0.0	0.8959654755121953	0.018919797793597096	0.04236292182373756	0.0	0.057123619489189155	0.0	0.09933003356331542	0.04830478200666842	0.07200320386745339	0.0	0.0	0.10618221184261394	0.06951823842008185	0.05508006607423422	0.011050496963384454	0.0	0.011274119782286863	0.02920925385504505	0.09256091847097181	0.0	0.026613852276548576	0.028569002048270203	0.1322040859728575	0.04033074952369278	0.014967053132508592	0.03828243222095281	0.02642446292959784	0.011022523640567678	0.0025290149311746044	0.0	0.040133758044902525	0.03063401865096879	0.12104890614211747	0.0	0.00047507339391721505	0.061431338503750994	0.01868415915275118	0.025554289190617197	0.030757471945371078	0.0645119383812231	0.047106717346030474	0.0	0.006389297594251767	0.02177493996611899	0.0	0.013868811549664182	0.0	0.014777933305037523	0.007891761836148958	0.0	0.025240138618976324	0.023591721589671558	0.026342783182211397	0.0	0.009491172490536402	0.017772466593525073	0.017757706743536078	0.04705934184984328	0.01646395234886797	0.028555209230688335	0.0	0.0023288216174433382	0.0	0.03574256275591402	0.0306375200715736	0.06418411251290534	0.0	0.014944248085660939	0.0	0.019830662233688522	0.03766726414642404	0.014579322317810802	0.035446338231234595	0.0	0.00104359565874149	0.01653380161839316	0.02594250924429612	0.0	0.017414691461915408	0.0	0.5765065905149686	0.03737985235455989	0.0	0.03275866477971141	0.009986970282398854	0.0	0.014708823612797394	0.0	0.0025685382516637436	0.013254502675851706	0.0	0.003370135639094132	0.0014839689392341605	0.0	0.0008075323448320223	0.05393471629917468	0.0017410748504376344	0.020139594037958192	0.0	0.0	0.0333957391152817	0.0	0.01404311279625448	0.016619389035816605	0.5461933213805258	0.0	0.0	0.025619757733422326	0.030552255569870564	0.0	0.023573006213768344	0.012848831027942324	0.013516758501238915	0.027558448372505026	0.002910252926792559	0.11057898227465668	0.0033798084020960437	0.0	0.004346481783126775	0.0	0.0	0.03745482568666016	0.046344056408004174	0.004743937075049772
xprB_dsbC_recJ	0.0585837449521129	0.6109986882748416	0.030407041060595864	0.03723254413412532	0.03758413076323464	0.06654424196322767	0.04919247405626477	0.1076031017173608	0.07576551950775491	0.02140780481061007	0.1051712111700027	0.0	0.058883086872284426	0.056682087844963265	0.0	0.0	0.0	0.014734542204649202	0.012070789885602217	0.00877850633341844	0.08049600774311491	0.018972736020131543	0.022843059874232827	0.0	0.042072208600759706	0.0348258416182795	0.035064774138659646	0.04311038020738426	0.04386140372042715	0.04718451488033199	0.0611679588480416	0.006695547694307396	0.03683465222045673	0.008687554185062578	0.028555027976681347	0.0	0.0	0.014670983841556042	0.0	0.0689824203050254	0.04727447166580851	0.045910017722415555	0.0	0.0074878706429728934	0.0	0.03989262927802395	0.0	0.0359029545223919	0.15955934800180072	0.0	0.0031575156984987524	0.05244163940529766	0.0	0.0	0.025205654133633612	0.05701698643204766	0.015222390699475312	0.012976773739002174	0.0	0.029488785148058985	0.011867125369084724	0.0378115413493125	0.015526727794684475	0.027817012477095476	0.0	0.0	0.03953887987470164	0.016908124833122505	0.019781220194072652	0.016908185954420413	0.0	0.029396565309440764	0.0	0.0	0.0	0.0	0.040121096069183536	0.00996061283016724	0.04136140974512723	0.03084904626120451	0.019255259362708273	0.05412802660812797	0.020461796816404018	0.100334867264284	0.0	0.012257371049864754	0.009651572286046569	0.0	0.0011475409616857359	0.0	0.030416914612250386	0.0	0.004403702156143184	0.0	0.0	0.0439823073579556	0.0	0.03932556513010433	0.0043150571870420665	0.0	0.0034385321503196094	0.004795517577085269	0.009591790290581196	0.007876283793803587	0.011271759202346727	0.029661811147144803	0.00826293397638506	0.029373598674410095	0.08516225836519584	0.0	0.03543304147782507	0.0	0.012228374633556617	0.038812288348278094	0.006256998982956235	0.0	0.01041244936245336	0.09111735487503353	0.024438108110295814	0.0	0.0	0.04819833014258245	0.0032235732898148856	0.005893196379582694	0.010696950658993584	0.0	0.05609001109139251	0.0	0.0	0.0	0.031861937924025814	0.032318257455730644	0.07435408667140045	0.0	0.0	0.0	0.0	0.0	0.0	0.0	0.05112737696802344	0.0	0.053049557506802895	0.023056813409020264	0.015049976783813031	0.041923937282250405	0.0	0.031029182611051562	0.02284435256624867	0.029563119295506368	0.026870795549735503	0.031549851178660056	0.039408706008269546	0.0	0.04728294814021775	0.030136670057337587	0.0	0.056613205197069895	0.011691529431392124	0.0	0.0	0.007491815919437535	0.003432648033855862	0.037622157574346185	0.03638069188821158	0.0	0.027922031791617154	0.0	0.00526303273889595	0.003145485919477706	0.0	0.04719305417837785	0.007354746714639511	0.0	0.024408403538206846	0.0	0.0040919919343973795	0.022343456881862258	0.0	0.06843634059088571	0.004482486606594757	0.07130552696271937	0.0	0.0001921141075835746	0.03843428358733867	0.046971170103373205	0.0	0.016684854381267766	0.07113890347493743	0.02454240093916875	0.06515800623424928	0.0	0.045759057101947956	0.0	0.02023314385010987	0.009297949630716234	0.0	0.05790905160676285	0.0	0.022877416368793833
lpxDA_fabZ	0.08326015526534472	0.037239008090277206	0.046149731791501995	0.0	0.7333311339344438	0.0	0.12166996523883089	0.067917499061162	0.07823820484612015	0.05017182022624402	0.0	0.058883086872284426	0.0	0.0	0.02795751889178368	0.0	0.0	0.0	0.00715283647126815	0.04528509568896375	0.01334598566838032	0.03257279639258293	0.0	0.043934288963089554	0.049418130312807104	0.005191727536046564	0.013501727859874456	0.013528299380352056	0.06641609867328646	0.05282843607435366	0.01494208345306765	0.02851900744401676	0.05242924562655134	0.011366943877887975	0.03724019014295265	0.05571131275420509	0.0	0.0	0.011457705532163355	0.04555172396289712	0.0	0.0	0.0	0.0	0.0050876251055617825	0.011044124949101728	0.01992502276281952	0.0009948712544911396	0.03894540063324607	0.013411933096072614	0.0	0.02709361907327007	0.0	0.034090984656414226	0.0	0.08176053484897322	0.03174518072033669	0.0	0.0	0.0	0.005860648235429993	0.127386156280455	0.0	0.0033204192400848207	0.0	0.0	0.0	0.07987679790417893	0.023275533272643707	0.0	0.017702606953190248	0.0	0.00457923349474554	0.00777855147521038	0.0006625188750821774	0.0	0.0	0.0	0.0	0.01851454273519968	0.013096317948557465	0.02532843855137806	0.005006120604658999	0.07952688319991717	0.0	0.040914877965821855	0.0	0.0	0.0	0.0	0.10874443388673004	0.080618428335733	0.015182558168171505	0.011645740748245792	0.0	0.0074325354119562466	0.0664128803789256	0.8149378075286584	0.04159788596998191	0.07413396313838083	0.013559319994384752	0.010641502135656735	0.0140356738145269	0.021262713623074442	0.0	0.0	0.008074959273720912	0.004039573326008517	0.0	0.0	0.046311960679260675	0.0	0.0	0.075723096700938	0.0	0.0	0.018423282349333853	0.15275005204526523	0.0	0.012674459092199712	0.004618696486757627	0.0	0.04596270326592626	0.06006053045269641	0.0	0.013561908764223612	0.0	0.0	0.0	0.0	0.0	0.001098738761815827	0.010463791039141688	0.00831209863518055	0.0	0.0	0.016008808397305063	0.02903222618439075	0.0	0.0	0.0	0.001467248227972738	0.0	0.0	0.0	0.06606274823297614	0.0	0.0	0.0	0.014330744589961465	0.09460334942564247	0.0	0.07346012815917537	0.0	0.0	0.00566227164783912	0.0	0.0	0.0	0.0	0.0	0.0	0.0	0.0	0.009236143030797865	0.02947473401320497	0.0	0.022258262535187995	0.0	0.0	0.0	0.0011509398303587372	0.0	0.0	0.036235773731644126	0.0	0.0	0.0	0.0	0.0	0.03163417032209606	0.0	0.0	0.0	0.010588073459621112	0.0	0.020664419329942146	0.018599982374478456	0.0	0.03611178928788721	0.004284849200033155	0.0	0.0	0.0	0.013919645298160373	0.05217763441784688	0.0	0.0	0.0	0.013515422216582182
