	lon	rpoH	mopA	htpG	rpoE_rseABC	ibpAB	ecfABC	ecfH	fkpA	crp	araE	xprB_dsbC_recJ	lpxDA_fabZ	ppiA	dnaA	ptsHI_crr	cirA	cyaA	speC	araBAD	clpP	nagBACD	araJ	nupG	ecfK	fur	yhfA	srlAEBD_gutM_srlR_gutQ	fucPIKUR	mopB	mglBAC	malK_lamB_malM	uppS_cdsA_ecfE	fecIR	sodA	tnaLAB	deoCABD	fepB	glgS	htrA	acs	ebgAC	araC	ansB	fnr	himA	cytR	narK	gntKU	ivbL_ilvBN	icdA	hflB	arcA	fhuACDB	frdABCD	ecfD	malEFG	narL	appY	dcuB_fumB	focA_pflB	ecfG	melAB	tdcABCDEFG	gltA	fixABCX	hypABCDE	fucAO	nuoABCEFGHIJKLMN	aceBAK	caiTABCDE	malT	nrfABCDEFG	tsx	gntT	cydAB	manXYZ	appCBA	ompC	yjdHG	cpxAR	htpY	malI	dnaKJ	malS	grpE	deoR	pspABCDE	sdhCDAB_b0725_sucABCD	dmsABC	ostA_surA_pdxA	FruR	marRAB	cyoABCDE	tonB	soxS	nfo	rpoD	uhpT	caiF
lon	0.0	0.045768746424739395	0.06670159200245507	0.07929371730468578	0.040503045021062674	0.42414656485015095	0.003921289666125926	0.0314827404232777	0.01883274822715798	0.0	0.026966198002168783	0.06536542449408969	0.03218075385124134	0.0	0.07188225675334795	0.09824325825532	0.0	0.03033134904094729	0.0	0.0	0.08301576894364981	0.060925601220888255	0.07531727062595663	0.0	0.03218075385124134	0.004361651053273402	0.04166170873512011	0.04280883462905336	0.026381612481547335	0.016084804722368767	0.0	0.020855471528341888	0.03218075385124134	0.03592728733313937	0.05657036319467324	0.055144764647777636	0.0	0.0	0.0	0.045995778750981944	0.053044931365688816	0.0	0.061502196404221325	0.027549991320076885	0.0	0.0566211194429688	0.049288602965761416	1.0	0.03846654883450982	0.03846654883450982	0.08292982229687014	0.06783641799148796	0.04998231596980825	0.0	0.02634413829605401	0.0	0.0	0.06994471975721264	0.005256089908977169	0.004127268297509341	0.06476410889515036	0.03218075385124134	0.047096548577695255	0.024642284019444696	0.0	0.037121106326834755	0.03564815959670877	0.05312961980249983	0.0	0.01941450744267454	0.07262445232543925	0.006028810797359089	1.0	0.06511629311205032	0.0	0.0	0.0	0.032302356105895366	0.04488438670518428	0.0652322897840627	0.09692907343399297	0.060525163754314514	0.06623195113618578	0.48221607278616135	0.02321792062865241	0.07088881911780795	0.07654524826522627	0.0695815809256846	0.016059424410732617	0.0034031009659134244	0.0043157533977916515	0.08196399516226767	0.04521723127039969	0.0	0.07013907477118142	0.007509640914452532	0.021207313436020264	0.05617417438493158	0.04287850965667827	0.04731674793111644
rpoH	0.045768746424739395	0.0	0.033623546654808434	0.0639600167215295	0.015288441124531586	0.0055564543522055865	0.06551753973640498	0.015288441124531586	0.015288441124531586	0.012681543397317361	0.0092939326100736	0.0	0.015288441124531647	0.0038893562091343852	0.025276924079723494	0.03168963243798162	0.04887829471797453	0.012548354153125135	0.0177015744047545	0.0177015744047545	0.06366098726360402	0.0	0.006538179080325407	0.0	0.015288441124531647	0.0	0.0	0.0	0.0	0.09565786600975441	0.016050599555667382	0.0	0.015288441124531647	0.043491605866701234	0.0	0.010962818333206172	0.0189666672683207	0.09275584737255015	0.016050599555667382	0.0	0.021873320241330093	0.016050599555667382	0.015163230940496573	0.13219673084172037	0.005928511724731913	0.0	0.0	0.045768746424739645	0.0	0.0	0.02330421377578453	0.06366098726360402	0.0	0.019078634219537125	0.012899755137460842	0.0	0.020863614484920915	0.014517772611986482	0.0	0.003550566560462529	0.10087188768939064	0.015288441124531647	0.014786967871869157	0.005546534475037603	0.0038893562091343852	0.0013925383063248327	0.0	0.0	0.014644506117234305	0.013446757883332227	0.0	0.016050599555667382	0.045768746424739645	0.0	0.016050599555667382	0.0	0.0	0.0	0.0	0.008418283695414957	0.009261265148721633	0.05711422307437875	0.0057068627367532175	0.12077527176666646	0.014786967871869157	0.06366098726360402	0.02961181911880243	0.0	0.0	0.0	0.05398215078489046	0.020270953364728665	0.0	0.0038893562091343852	0.0	0.1215238603625841	0.44552700723331695	0.015288441124531647	0.0	0.0035939907906557575
mopA	0.06670159200245507	0.033623546654808434	0.0	0.35670192369045306	0.031182048162769708	0.034106394833904145	0.045228238588598445	0.031182048162769708	0.031182048162769708	0.0	0.019012054300705725	0.0	0.030131704175177604	0.07723029270399709	0.0	0.0	0.05379932031651236	0.0	0.0	0.0	0.04907577076509973	0.0	0.04935139868947939	0.011694163906978226	0.030131704175177604	0.0	0.030193216026602618	0.03947469074954456	0.030193216026602618	0.03737891766317155	0.0	0.030193216026602618	0.030131704175177604	0.05568428611479232	0.03429880404552797	0.008970314031519057	0.006781454553103695	0.0	0.0	0.0	0.0	0.0	0.03101285985448985	0.019585813130714	0.006199743001167311	0.02726797524844753	0.0	0.06261666412368136	0.03019321602660268	0.03019321602660268	0.0	0.04907577076509973	0.0	0.0	0.0	0.0	0.0	0.0	0.0	0.007225568721726074	0.0	0.030131704175177604	0.0	0.0	0.07802549537393194	0.009314436351242362	0.0	0.03019321602660268	0.0	0.0	0.016608592150075048	0.0	0.06261666412368136	0.0	0.0	0.0	0.009794070749639552	0.0	0.024901964849009726	0.0	0.0	0.08748188472023283	0.03729813964096732	0.04483343202663274	0.0	0.04907577076509973	0.0	0.013968007345784659	0.0	0.0	0.12441167588610648	0.0	0.0	0.07802549537393194	0.0	0.03630308343842968	0.04088484093613604	0.030131704175177604	0.03093823348705612	0.0
htpG	0.07929371730468578	0.0639600167215295	0.35670192369045306	0.0	0.08001933693470177	0.06433612250541729	0.0	0.06691754929940322	0.06447095420872435	0.03353518610565408	4.953197239525648e-16	0.0	0.05272673252702592	0.03163859928607248	0.009558146381192609	0.0	0.045868595141872984	0.0	0.019320892723422276	0.012859509424601713	0.9541526855832907	0.03590062905026384	0.008744443622828585	0.036961569243951095	0.03814900851110622	0.053554982291390184	0.03278252859652523	0.4032535391253209	0.03278252859652523	4.935847828565215e-05	0.04509864550567389	0.03278252859652523	0.03814900851110622	0.0	0.06335536888568087	0.006030213224169043	0.007451458715814001	0.0696283098230833	0.020349111563949977	0.031848861496801446	0.02266346764690799	0.020349111563949977	0.02985719687037088	0.03339496930252806	0.0	0.05550637852881958	0.0732366782176314	0.07535117212877465	0.024419670216094026	0.022459044233581187	0.01868520508308122	0.9541526855832907	0.07613973598028902	0.01622439808582377	0.003060696428343619	0.01007902474325579	0.020349111563949977	0.0014328574385166588	0.0	0.040873261212281	0.0	0.03929041930956768	0.0	0.0	0.03104891814447718	0.0	0.0	0.022459044233581187	0.0	0.012677386677988706	0.026428885359576118	0.020349111563949977	0.07879473239801164	0.07164455169886233	0.020349111563949977	0.0	0.06732922662995222	0.09370056827949844	0.06491608474491445	0.008846230763657705	0.0	0.01072501434060152	0.003297805847488095	0.05909706121934577	0.0	0.9541526855832907	0.02020919687921672	0.0	0.0	0.0	0.01902871999076854	0.04974024479421294	0.005618632975584163	0.03104891814447718	0.03695097200532167	0.005915430764229871	0.06624711962305299	0.03814900851110622	0.03333994358407448	0.20390096870242624
rpoE_rseABC	0.040503045021062674	0.015288441124531586	0.031182048162769708	0.08001933693470177	0.0	0.012278694630084581	0.46670168270885753	0.9646551678797636	0.9646551678797636	0.0	0.030383126108803584	0.034747462319374686	0.9646551678797636	0.08584865604988963	0.0	0.046517920464468156	0.09425161163234852	0.0	0.02296865687176844	0.016254399274891824	0.0784804451166739	0.001743151145431055	7.581179629677583e-05	0.03089558301904979	0.9646551678797636	0.0	0.04098841513753391	0.0	0.04098841513753391	0.08893495393546687	0.008001099845454777	0.04098841513753391	0.9646551678797636	0.016146387515741944	0.0330026294425619	0.0	0.025304813298403422	0.010790178785641707	0.000637565647138361	0.04634271344950867	0.014941844728536787	0.0	0.045696272534703895	0.031948473263092754	0.024821504853591254	0.02050450536538416	0.030990740673736025	0.05452400169811865	0.03147105569678965	0.03147105569678965	0.0053448804853003596	0.0784804451166739	0.015382593651406803	0.007047663103252962	0.020318399140254042	0.03460144375691418	0.0	0.0	0.024078487767468116	0.028378906146629586	0.0	0.9646551678797636	0.0	0.016145996620455624	0.0888067547067622	0.0	0.02655314243949559	0.03147105569678965	0.029374388097632185	0.027967066648282322	0.011061390861429491	0.0	0.05452400169811865	0.03140078944279859	0.0	0.0301629764137889	0.0	0.00803838070847099	0.04328554475103098	0.003641175433596044	0.0	0.08051404599218427	0.004614182074403826	0.031272956712457244	0.0	0.0784804451166739	0.015503881293167418	0.027192965287653192	0.031161021614475575	0.0	0.02677033115887822	0.0	0.028878826674616	0.0888067547067622	0.02880071960603601	0.08432975747635156	0.019948771092469536	0.9646551678797636	0.033623468031081745	0.023298898310788147
ibpAB	0.42414656485015095	0.0055564543522055865	0.034106394833904145	0.06433612250541729	0.012278694630084581	0.0	0.003039516086254903	0.012278694630084581	0.012278694630084581	0.008837796125372636	0.0	0.0	0.012278694630084519	0.001850892126857011	0.0	0.0	0.002102700855888009	0.022032201685661505	0.010490072592116512	0.010490072592116512	0.06420780607418056	0.0	0.03316316484468595	0.0	0.012278694630084519	0.01714664130742419	0.03908218726495174	0.0012919623671969274	0.03908218726495174	0.01074705656929542	0.008837796125372667	0.03908218726495174	0.012278694630084519	0.08275153802135526	0.08883075222721784	0.0	0.0	0.0	0.008837796125372667	0.0	0.02066454863760015	0.008837796125372667	0.0	0.012569042068344612	0.0	0.0	0.0	0.07530548333176425	0.03968858456228018	0.03968858456228018	0.02772663563902954	0.06420780607418056	0.0	0.0	0.0	0.0	0.008837796125372667	0.013879139212447596	0.0	0.0	0.018782674784458477	0.012278694630084519	0.022146175099836872	0.0	0.00185089212685698	0.0	0.0	0.03968858456228018	0.0	0.007591482853462233	0.0	0.008837796125372667	0.07530548333176425	0.08701879915331874	0.008837796125372667	0.0	0.0	0.0	0.0	0.046932326018495514	0.02599819893297454	0.01483969036185789	0.0	0.08471934557523066	0.022146175099836872	0.06420780607418056	0.0	0.010384809042522857	0.0	0.0	0.0	0.09886377175366522	0.0	0.00185089212685698	0.0	0.01008412145107176	0.018493915999182882	0.012278694630084519	0.042324283593743524	0.0
ecfABC	0.003921289666125926	0.06551753973640498	0.045228238588598445	0.0	0.46670168270885753	0.003039516086254903	0.0	0.07514665483723772	0.061324935346588394	0.0	0.0	0.08299470065642403	0.05088620346978156	0.032029664545374315	0.053240009182366835	0.08551184622664437	0.08390475378525862	0.0523418170432983	0.0	0.0	0.0	0.018211403489688544	0.0	0.0077400276830083565	0.04050060098495604	0.0	0.04258231763432303	0.015798422255321534	0.04258231763432303	0.018547940574764072	0.0	0.04258231763432303	0.03501238058406073	0.036422388062521655	0.33060425094595636	0.035687120878627326	0.012928752609208371	0.0	0.0	0.030128386481559223	0.01891003715952925	0.0	0.02597890510717514	0.0	0.029909462849893296	0.056047887406829006	0.019604165677679586	0.003921289666125678	0.05134914157372141	0.05134914157372141	0.1250173220738144	0.0	0.04153074811623465	0.0	0.05256032580974445	0.09528372388856222	0.0	0.03550152348760643	0.017695255512830417	0.0007906442727758918	0.014121474567278077	0.03995292152371754	0.0351716542613755	0.0004900637930409605	0.03256370183167031	0.0151084382295236	0.0	0.07119791747246136	0.004954687786333155	0.025996013055648474	0.0	0.0	0.003921289666125678	0.0	0.0	0.014683369612670544	0.0	0.019867284478269354	0.05598364690747672	0.0	0.0018281223272588025	0.02785962857031705	0.013681871768908586	0.03096787090918252	0.0351716542613755	0.0	0.0	0.03519559785455958	0.011091079188366154	0.0	0.05034937377009205	0.007788386370007452	0.05218674074887483	0.03256370183167031	0.0	0.01141353472712681	0.0014719610601100083	0.06993661141850076	0.0481005425148572	0.0589203523510758
ecfH	0.0314827404232777	0.015288441124531586	0.031182048162769708	0.06691754929940322	0.9646551678797636	0.012278694630084581	0.07514665483723772	0.0	0.32429595834809904	0.0	0.030383126108803584	0.034747462319374686	0.3447221387552084	0.08051371771051184	0.0	0.03558442991371022	0.08209189610903658	0.0	0.02296865687176844	0.016254399274891824	0.06574429844354703	0.001743151145431055	7.581179629677583e-05	0.03089558301904979	0.3447221387552084	0.0	0.03147105569678965	0.0	0.03147105569678965	0.058645256775650245	0.008001099845454777	0.03147105569678965	0.3447221387552084	0.016146387515741944	0.0330026294425619	0.0	0.025304813298403422	0.010790178785641707	0.000637565647138361	0.028451286933987966	0.014941844728536787	0.0	0.02594711267035222	0.031948473263092754	0.024821504853591254	0.02050450536538416	0.030990740673736025	0.040503045021062674	0.025920801641568413	0.025920801641568413	0.0053448804853003596	0.06574429844354703	0.015382593651406803	0.007047663103252962	0.020318399140254042	0.03460144375691418	0.0	0.0	0.024078487767468116	0.028378906146629586	0.0	0.3447221387552084	0.0	0.016145996620455624	0.07580463339694517	0.0	0.02655314243949559	0.025920801641568413	0.029374388097632185	0.027967066648282322	0.011061390861429491	0.0	0.040503045021062674	0.02735456534696481	0.0	0.0301629764137889	0.0	0.00803838070847099	0.02701560601116482	0.003641175433596044	0.0	0.056622818108543214	0.004614182074403826	0.031272956712457244	0.0	0.06574429844354703	0.015503881293167418	0.027192965287653192	0.031161021614475575	0.0	0.02677033115887822	0.0	0.028878826674616	0.07580463339694517	0.02880071960603601	0.06017762558254524	0.019948771092469536	0.3447221387552084	0.033623468031081745	0.023298898310788147
fkpA	0.01883274822715798	0.015288441124531586	0.031182048162769708	0.06447095420872435	0.9646551678797636	0.012278694630084581	0.061324935346588394	0.32429595834809904	0.0	0.0	0.030383126108803584	0.034747462319374686	0.2298147591701389	0.0690407466411388	0.0	0.03558442991371022	0.07911212101225719	0.0	0.02296865687176844	0.016254399274891824	0.06273905374704028	0.001743151145431055	7.581179629677583e-05	0.03089558301904979	0.2298147591701389	0.0	0.025920801641568413	0.0	0.025920801641568413	0.0460889852744035	0.008001099845454777	0.025920801641568413	0.2298147591701389	0.016146387515741944	0.0330026294425619	0.0	0.025304813298403422	0.010790178785641707	0.000637565647138361	0.028451286933987966	0.014941844728536787	0.0	0.02594711267035222	0.031948473263092754	0.024821504853591254	0.02050450536538416	0.030990740673736025	0.0314827404232777	0.019813559620870818	0.019813559620870818	0.0053448804853003596	0.06273905374704028	0.015382593651406803	0.007047663103252962	0.020318399140254042	0.03460144375691418	0.0	0.0	0.024078487767468116	0.028378906146629586	0.0	0.2298147591701389	0.0	0.016145996620455624	0.06637468428908588	0.0	0.02655314243949559	0.019813559620870818	0.029374388097632185	0.027967066648282322	0.011061390861429491	0.0	0.0314827404232777	0.02735456534696481	0.0	0.0301629764137889	0.0	0.00803838070847099	0.02701560601116482	0.003641175433596044	0.0	0.045115404973309674	0.004614182074403826	0.031272956712457244	0.0	0.06273905374704028	0.015503881293167418	0.027192965287653192	0.031161021614475575	0.0	0.02677033115887822	0.0	0.028878826674616	0.06637468428908588	0.02880071960603601	0.04669391115999639	0.019948771092469536	0.2298147591701389	0.033623468031081745	0.023298898310788147
crp	0.0	0.012681543397317361	0.0	0.03353518610565408	0.0	0.008837796125372636	0.0	0.0	0.0	0.0	0.05171046525275184	0.042302838167558095	0.011057684294368965	0.08768153790563711	0.007335306656788125	0.015842876172240644	0.12276956144871788	0.07109422787026595	0.8980531643825205	0.8980531643825205	0.04099717011083223	0.013092001304514399	0.0	0.0	2.476598619762824e-16	0.016222440448195066	0.03607794049327529	0.014920267268310194	0.03607794049327529	0.011277161867504347	0.8980531643825205	0.03607794049327529	2.476598619762824e-16	0.0	0.01974465900106255	0.01413173450164868	0.0	0.0	0.8980531643825205	0.0	0.0	0.8980531643825205	0.026500814039300356	0.008121736621424036	0.01318436483804477	0.0	0.0127026622719264	0.0	0.034246555041836366	0.034246555041836366	0.0	0.04099717011083223	0.0	0.0	0.0	3.0053656750674516e-05	0.8980531643825205	0.0002569332338407071	0.007794928569797579	0.007121283326488331	0.010752873256734467	2.476598619762824e-16	0.057629682229252126	0.009630578665896061	0.06985901476604008	0.013684361170400262	0.004340808150260299	0.034246555041836366	0.02116543384698142	0.019509943494129878	0.0012391597684580818	0.8980531643825205	0.0	0.12348103769383555	0.8980531643825205	0.0	0.018507341764080396	0.0	0.0	0.011607182886518767	0.0	0.0	0.012510036501569068	0.0	0.057629682229252126	0.04099717011083223	0.0	0.007255094445802932	0.002174371056221929	0.010418854155112256	0.012389811186482759	0.0	0.0	0.06985901476604008	0.0008954624391377612	0.001987851068996611	0.007678249152977229	2.476598619762824e-16	0.05078925092882513	0.0
araE	0.026966198002168783	0.0092939326100736	0.019012054300705725	4.953197239525648e-16	0.030383126108803584	0.0	0.0	0.030383126108803584	0.030383126108803584	0.05171046525275184	0.0	0.031076481687784346	0.031196799155215095	0.0728118526021017	0.002124244459601138	0.0	0.10848913751460572	0.022045362250217904	0.021741356812830244	0.021741356812830244	0.025636086143439485	0.018051020339747873	0.06669946349902463	0.03860995870695509	0.031196799155215095	0.014431474552770364	0.04048000245547659	0.046375450616679234	0.04048000245547659	0.0	0.024123378311068176	0.04048000245547659	0.031196799155215095	0.47197757544463087	0.0	0.007479999259834415	0.0	0.0617162054350323	0.024123378311068176	0.0	0.0	0.024123378311068176	0.0	0.0	0.05678501956941313	0.006287185890039194	0.0	0.026966198002168783	0.041766490783124756	0.041766490783124756	0.006184072500315903	0.025636086143439485	0.0	0.06930081074049747	0.0	0.01796061411350244	0.024123378311068176	0.0	0.02051865751851566	0.0	0.0	0.031196799155215095	0.02382528696052976	0.010686372855550243	0.07200995052807575	0.0	0.0	0.041766490783124756	0.003120517049280883	0.0	0.0	0.024123378311068176	0.026966198002168783	0.0	0.024123378311068176	0.040106638165628934	0.0007222019561458704	0.0	0.00487479592432004	0.0	0.09057014075779568	0.0	0.014535190792711105	0.0	0.02382528696052976	0.025636086143439485	0.0	0.10597386074417975	0.056515773075221994	0.018653253456238507	0.00850852772954984	0.0	0.0	0.07200995052807575	0.0	0.0	0.04023864975146522	0.031196799155215095	0.04428627755677554	0.0
xprB_dsbC_recJ	0.06536542449408969	0.0	0.0	0.0	0.034747462319374686	0.0	0.08299470065642403	0.034747462319374686	0.034747462319374686	0.042302838167558095	0.031076481687784346	0.0	0.08334058371639025	0.039870357942603636	0.07045471277855049	0.033829630822926886	0.5388835148793416	0.05368329026782889	0.0236426010745021	0.018713478084518207	0.0	0.0	0.010568479391068513	0.002859570868844766	0.0698014242906119	0.05332980257308646	0.04945016517723958	0.03857029943365343	0.04945016517723958	0.0	0.01392358785795716	0.04945016517723958	0.048299370671733094	0.050939798815279935	0.0	0.04548767584718814	0.038198847229143816	0.0	0.01392358785795716	0.06358172978914339	0.030078534464686113	0.01392358785795716	0.0	0.0	0.0	0.0	0.08706404817162451	0.06059448256888527	0.05330708016244086	0.05330708016244086	0.0791103849685349	0.0	0.009562050492107484	0.01918624096452852	0.02127272544878534	0.10230788636463452	0.01392358785795716	0.03700161506700047	0.0	0.02617599893307936	0.01467908808419354	0.0425506077985273	0.05083108889496116	0.0	0.03771880875484363	0.07388838392444393	0.03610023488094997	0.07936870214237772	0.021432342214090024	0.031269984098398484	0.020434204058941054	0.01392358785795716	0.06059448256888536	0.08237311926984921	0.01392358785795716	0.005184059568240831	0.07635609279237163	0.0	0.0	0.08127181988313076	0.1160545102211621	0.038889814581105756	0.011501409115236602	0.0	0.05032250682077638	0.0	0.010640142084351123	0.02227656955550318	0.0	0.074872120360685	0.0	0.03611418241172207	0.022419061440561137	0.03771880875484363	0.0	0.0	0.0	0.0425506077985273	0.05124605217999086	0.009560940043462736
lpxDA_fabZ	0.03218075385124134	0.015288441124531647	0.030131704175177604	0.05272673252702592	0.9646551678797636	0.012278694630084519	0.05088620346978156	0.3447221387552084	0.2298147591701389	0.011057684294368965	0.031196799155215095	0.08334058371639025	0.0	0.059493208809271045	0.0	0.0353319174625425	0.11209817468273162	0.0	0.016254399274891886	0.00800109984545484	0.054429412871421515	0.001743151145431024	7.581179629677583e-05	0.03192070241341036	0.17236106937760415	0.0	0.019813559620870818	0.0	0.019813559620870818	0.04158422932175933	0.000637565647138361	0.019813559620870818	0.17236106937760415	0.016146387515741975	0.032713934918362685	0.0	0.027351713837798157	0.010790178785641707	0.0	0.027597990885406615	0.014941844728536817	0.0	0.026421928161057363	0.03215702835326555	0.02538094580731884	0.029825124849836435	0.03054597213626304	0.026309591000192947	0.014098685052890475	0.014098685052890475	0.005344880485300328	0.054429412871421515	0.015382593651406803	0.007047663103252962	0.02031839914025401	0.04400483050687428	0.0	0.0	0.026168455028367364	0.028343232549485696	0.0	0.17236106937760415	0.0	0.016145996620455592	0.05789849123126052	0.0	0.02820273997953579	0.02156744804728009	0.027753607828393156	0.031040469414281787	0.011061390861429553	0.0	0.01883274822715798	0.02680157414759963	0.0	0.03106984807326301	0.0	0.00803838070847099	0.02994268840332204	0.003641175433596044	0.0	0.035707692288408185	0.004614182074403856	0.024571326691108956	0.0	0.054429412871421515	0.015503881293167356	0.027594322385968286	0.029416398913001532	0.0	0.022768058302254663	0.0	0.03435924929309517	0.05789849123126052	0.029632433737293504	0.04258838544983351	0.019948771092469505	0.17236106937760415	0.030076822500430762	0.028099393372012168
ppiA	0.0	0.0038893562091343852	0.07723029270399709	0.03163859928607248	0.08584865604988963	0.001850892126857011	0.032029664545374315	0.08051371771051184	0.0690407466411388	0.08768153790563711	0.0728118526021017	0.039870357942603636	0.059493208809271045	0.0	2.476598619762824e-16	0.01378180232560651	0.1217952647660374	0.04972818992185839	0.07759936456734039	0.05743540859540808	0.028419688205257726	0.002158406569959685	0.10852149362830316	0.06646832059091537	0.04553105607239231	0.06652449673289818	0.07071363699484404	0.05976624400351639	0.06471654659275905	0.02825205891145524	0.041329496467304376	0.054270873761180505	0.04205966739928934	0.08624200710433651	0.0668589225591518	0.011222001919234727	0.08307508838670076	0.08730002629153318	0.034414329888031364	0.06516161469203274	0.010141478726430526	0.032278379454839766	0.09148604938899069	0.038116986565056035	0.025798519209133765	0.12042815813100939	0.05786940405148192	0.0	0.05941578807853635	0.05941578807853635	0.0	0.021599045641298813	0.08114797475711033	0.041669241015180374	0.028647964946876988	0.06714098201608511	0.028795564110281207	0.021519385042904217	0.08479666395391115	0.07653854695939567	0.030536751894536477	0.038071561793188165	0.042353521078588065	0.020719213537233976	0.9934102689668256	0.015033589889316993	0.04543551770078109	0.05941578807853635	0.0	0.024139257646690563	0.043790413074527794	0.026014688623645726	0.0	0.03187559777213448	0.02322600796383253	0.031708000923125146	0.05385171980436727	0.06698114164969192	0.09082673150133921	0.013233323346684105	0.08175028266036245	0.012421520496771267	0.06701471237220692	0.022767750535853715	0.06584832941550502	0.01732483485346554	0.03076366854378441	0.056309251943572544	0.09390145484653328	0.037093057725408045	0.0312689566547724	0.02429135153814272	0.0017458798018770243	0.9934102689668256	0.07897997144561995	0.034204825877375014	0.007951158373006006	0.054526673555125825	0.07966708504112818	0.028527297688093187
dnaA	0.07188225675334795	0.025276924079723494	0.0	0.009558146381192609	0.0	0.0	0.053240009182366835	0.0	0.0	0.007335306656788125	0.002124244459601138	0.07045471277855049	0.0	2.476598619762824e-16	0.0	0.04739643381679539	0.0994308335957352	0.0	0.0	0.0	0.009721455305309634	0.0	0.0	0.0	0.0	0.0	0.03034078633446564	0.0	0.03034078633446564	0.0	0.007335306656788064	0.03034078633446564	0.0	0.0	0.0	0.0	0.0	0.02160813001772203	0.007335306656788064	0.0625443743995882	4.953197239525648e-16	0.007335306656788064	0.013805372936282602	0.0	0.0	0.02810373156696564	0.0	0.066031371603424	0.03034078633446564	0.03034078633446564	0.06067397874800589	0.009721455305309634	0.0	0.0	0.0	0.0	0.007335306656788064	0.7636016156546998	0.0	0.0	0.09197061100310075	0.0	0.008334192825361656	0.0	0.028357668457611302	0.03745756591838584	0.0	0.03034078633446564	0.0	0.0	0.0	0.007335306656788064	0.06920833712389197	0.0	0.007335306656788064	0.0	0.0	0.0	0.027458005770821307	0.0	0.0031058216604791405	0.0	0.002520018557812655	0.034318285240169694	0.008334192825361656	0.009721455305309634	0.0	0.0279453030382624	0.0	0.0	0.0	0.005691604948472344	0.015524133440468497	0.028357668457611302	0.011567124078788337	0.0	0.0033686202202063017	0.0	0.030296642189169047	0.010980215602384493
ptsHI_crr	0.09824325825532	0.03168963243798162	0.0	0.0	0.046517920464468156	0.0	0.08551184622664437	0.03558442991371022	0.03558442991371022	0.015842876172240644	0.0	0.033829630822926886	0.0353319174625425	0.01378180232560651	0.04739643381679539	0.0	0.09636879476714967	0.0	0.012840919852460437	0.012840919852460437	0.0	0.012725809929468479	0.03761219285738405	0.0	0.03533191746254225	0.01379769014595921	0.019390010906302494	0.05582632484744208	0.019390010906302494	0.0	0.015625506960470974	0.019390010906302494	0.03533191746254225	0.023457776674655102	0.0008689331587643389	0.04665562060480518	0.0	0.0	0.015625506960470974	0.0	0.057244892420823146	0.015625506960470974	0.4017261831708439	0.0	0.0	0.038830917907947765	0.05610976147162913	0.08444530147884774	0.019390010906302556	0.019390010906302556	0.0	0.0	0.08039393529360689	0.0	0.20278049015004943	0.0	0.015625506960470974	0.09853339180689039	0.11667279851746919	0.0	0.059832711793005415	0.03533191746254225	0.0	0.04186161435136087	0.01378180232560651	0.035835218096551553	0.08876741313919757	0.019390010906302556	0.0	0.18744012047171774	0.0	0.025741438520250084	0.08444530147884774	0.011387754944706762	0.015625506960470974	0.0	0.0	0.11974603650282407	0.04424174257816119	0.0	0.0	0.0	0.0034331097066778752	0.09537934853590738	0.0	0.0	0.017774273757838972	0.010723403864080775	0.10407681692048425	0.016190787704013634	0.0	0.0	0.03586039651672153	0.01378180232560651	0.04228195501777692	0.0	0.0022740312523070816	0.03533191746254225	0.019390010906302556	0.0
cirA	0.0	0.04887829471797453	0.05379932031651236	0.045868595141872984	0.09425161163234852	0.002102700855888009	0.08390475378525862	0.08209189610903658	0.07911212101225719	0.12276956144871788	0.10848913751460572	0.5388835148793416	0.11209817468273162	0.1217952647660374	0.0994308335957352	0.09636879476714967	0.0	0.00827105854231053	0.08362253669451948	0.07861565218034729	0.0416626574536832	0.0011246322195273965	0.1086343551406079	0.07814022045233134	0.10190816951339213	0.11492497668667431	0.08344211317333998	0.10382775709978058	0.0806922474786519	0.05580692165050087	0.09808295213453593	0.07097672704344725	0.07715537243534673	0.5582419959011833	0.016036722123143964	0.08554338160188263	0.044851950181669265	0.07563419875327768	0.075037058296736	0.07941702517193219	0.06847301468596438	0.0695883378101926	0.07737477475699608	0.061355657175721515	0.034006512980397925	0.053726556598099	0.04859969232609631	0.008690535879763518	0.06446596603156732	0.056832589828069095	0.04728514062195528	0.034293535021968455	0.08172411806715733	0.39109434873242327	0.06828739689669946	0.0943082800867034	0.05851841562026714	0.07659837644721887	0.11380609829058598	0.0278613291943064	0.04063264439579621	0.07149788853041399	0.02181243774919445	0.028441066053223545	0.563924869438547	0.07089268240588088	0.10836095928659577	0.10297529854440403	0.04420205459588825	0.045103489377104566	0.10342602067658702	0.05222857521200163	0.0	0.061324073857480066	0.05007389469414431	0.04108060872975201	0.1403777627007211	0.07373797836157278	0.04884492172419586	0.08139831770212276	0.48353585498024293	0.04460190773272847	0.3527608582051185	0.052156589276883235	0.014907467711757189	0.028584987964854865	0.023458189982187745	0.0911864704193548	0.16250853662908624	0.07803049501427348	0.05131458186706811	0.023422525812406825	0.09403936238611271	0.14661911831125898	0.2952107961307174	0.04396311842748724	0.027217810125485232	0.1445875227176161	0.09584592977572272	0.0277486991663893
cyaA	0.03033134904094729	0.012548354153125135	0.0	0.0	0.0	0.022032201685661505	0.0523418170432983	0.0	0.0	0.07109422787026595	0.022045362250217904	0.05368329026782889	0.0	0.04972818992185839	0.0	0.0	0.00827105854231053	0.0	0.050239896721896875	0.04993696186240151	4.953197239525648e-16	0.049788682296537407	0.039481103125980584	0.03011728276037586	0.0	0.024237434968868286	0.04026868967168658	0.058809023049303744	0.04026868967168658	0.0	0.038446935860579345	0.04026868967168658	0.0	0.00032360948418010057	0.0487518899702176	0.03757768789331352	0.03922655269291026	0.06881738483578902	0.028063833316427898	0.0	0.0	0.03126308742024135	0.030565408069118314	0.006427137319460026	0.0	0.016374057393056907	0.0	0.02321792062865235	0.03566879485123829	0.03566879485123829	0.0	4.953197239525648e-16	0.0	0.0	0.02026805305903089	0.024682464868907055	0.028063833316427898	0.008019712765946584	0.0069399708048269665	0.0	0.0	0.0	0.8444471824969646	0.0	0.03751157579587158	0.015218407004876288	0.0055785766995373855	0.03566879485123829	0.022133510496553307	0.005177357492785651	0.0	0.028063833316427898	0.04709654857769516	0.03521144065922182	0.028063833316427898	0.0	0.008799522045572425	0.0	0.004194550377082259	0.03745967519356117	0.006488249161281948	0.0	0.0435167323647143	0.0	0.8444471824969646	4.953197239525648e-16	0.023852768611857363	0.0	0.0	0.022196965896492782	0.0	0.0	0.01782793406223597	0.03751157579587158	0.024713821419801562	0.0	0.0	0.0	0.04279499390817523	0.032552387386662066
speC	0.0	0.0177015744047545	0.0	0.019320892723422276	0.02296865687176844	0.010490072592116512	0.0	0.02296865687176844	0.02296865687176844	0.8980531643825205	0.021741356812830244	0.0236426010745021	0.016254399274891886	0.07759936456734039	0.0	0.012840919852460437	0.08362253669451948	0.050239896721896875	0.0	0.3178309860866232	0.011450392265330003	0.010330971879903783	0.0	0.0	0.016254399274892133	0.018109393622616154	0.058454963020040766	0.016273708320312368	0.058454963020040766	0.0018305839936502523	0.3287525388156673	0.058454963020040766	0.016254399274892133	0.0	0.019024706614369717	0.014889128546008237	0.0	0.0	0.3287525388156673	0.0	0.0	0.3287525388156673	0.059822766673686065	0.007817663529996025	0.014809571900458804	0.0	0.01804276259269119	0.0	0.05728953591457954	0.05728953591457954	0.0	0.006543044468267109	0.0	0.0	0.0	0.0002990179809957075	0.3287525388156673	0.007541292180355003	0.0075032268050814165	0.005837599178018942	0.009031349577627175	0.016254399274892133	0.04258390071297054	0.010133423864751636	0.05394956042331319	0.008881390955205798	0.0039788382405027	0.05728953591457954	0.01068701809780999	0.018543572766405243	0.0	0.3287525388156673	0.0	0.054369189517153305	0.3287525388156673	0.0	0.019076140421304906	0.0	0.0	0.00965021017937121	0.0	0.0	0.00981544579773124	0.0	0.04258390071297054	0.0026651576234988567	0.0	0.005744535103314916	0.002249094033740722	0.009812682214127483	0.008355074753947438	0.0	0.0	0.05394956042331319	0.0	0.011378773100919056	0.0059476654891220644	0.016254399274892133	0.06781670602448144	0.0
araBAD	0.0	0.0177015744047545	0.0	0.012859509424601713	0.016254399274891824	0.010490072592116512	0.0	0.016254399274891824	0.016254399274891824	0.8980531643825205	0.021741356812830244	0.018713478084518207	0.00800109984545484	0.05743540859540808	0.0	0.012840919852460437	0.07861565218034729	0.04993696186240151	0.3178309860866232	0.0	0.011450392265330003	0.010330971879903783	0.0	0.0	0.010019483392197253	0.018109393622616154	0.04734616594352296	0.016273708320312368	0.04734616594352296	0.0018305839936502523	0.2191683592104448	0.04734616594352296	0.008001099845455087	0.0	0.019024706614369717	0.014889128546008237	0.0	0.0	0.2191683592104448	0.0	0.0	0.2191683592104448	0.021198539625441805	0.007817663529996025	0.014809571900458804	0.0	0.01804276259269119	0.0	0.0556294785607784	0.0556294785607784	0.0	0.006543044468267109	0.0	0.0	0.0	0.0002990179809957075	0.2191683592104448	0.007541292180355003	0.0075032268050814165	0.005837599178018942	0.009031349577627175	0.008001099845455087	0.044807719951492665	0.010133423864751636	0.03417136771382068	0.008881390955205798	0.0039788382405027	0.0556294785607784	0.01068701809780999	0.018543572766405243	0.0	0.2191683592104448	0.0	0.02183301511082983	0.2191683592104448	0.0	0.019076140421304906	0.0	0.0	0.00965021017937121	0.0	0.0	0.00981544579773124	0.0	0.044807719951492665	0.0	0.0	0.005744535103314916	0.002249094033740722	0.009812682214127483	0.008355074753947438	0.0	0.0	0.03417136771382068	0.0	0.011378773100919056	0.0059476654891220644	0.008001099845455087	0.049730699879986344	0.0
clpP	0.08301576894364981	0.06366098726360402	0.04907577076509973	0.9541526855832907	0.0784804451166739	0.06420780607418056	0.0	0.06574429844354703	0.06273905374704028	0.04099717011083223	0.025636086143439485	0.0	0.054429412871421515	0.028419688205257726	0.009721455305309634	0.0	0.0416626574536832	4.953197239525648e-16	0.011450392265330003	0.011450392265330003	0.0	0.033275004134644966	0.008122132977356197	0.036552936725772284	0.03776792307971067	0.05317590138679447	0.022459044233581187	0.09727429050672518	0.022459044233581187	0.0008308323949142537	0.011605274869233101	0.022459044233581187	0.03776792307971067	0.0	0.05692415845305743	0.004001583918916944	0.0062007811492124825	0.06371414984248357	0.011605274869233101	0.030353434951006748	0.023187022933550235	0.011605274869233101	0.02913321964277569	0.03148384394081963	0.0	0.05131392740156651	0.06335080643815612	0.07324768710518921	0.03278252859652529	0.03278252859652529	0.01883262330932003	0.36744480954235154	0.07480874940874148	0.01693000164012616	0.001938739582951323	0.00992647695908305	0.03136513150329874	0.0014742126166450745	0.0	0.04081894512374708	0.0	0.04082832413676362	0.0	0.0	0.028419688205257726	0.0	0.0	0.03278252859652529	0.0	0.012688097434568075	0.025967366237674303	0.01785531767124395	0.07048947366015301	0.07208133011774975	0.011605274869233101	0.0	0.06669396732585912	0.06699127131110197	0.06969227861645269	0.008241641221713104	0.0	0.012187174291235923	0.0015261343626176347	0.08670165804663155	0.0	0.36744480954235154	0.01963221330709328	0.0	0.0	0.0	0.019506921759393843	0.04915385734018974	0.004520271676239493	0.028419688205257726	0.034466903301576195	0.005732534124481421	0.06387085818175656	0.03776792307971067	0.022396122459591293	0.059437686908660664
nagBACD	0.060925601220888255	0.0	0.0	0.03590062905026384	0.001743151145431055	0.0	0.018211403489688544	0.001743151145431055	0.001743151145431055	0.013092001304514399	0.018051020339747873	0.0	0.001743151145431024	0.002158406569959685	0.0	0.012725809929468479	0.0011246322195273965	0.049788682296537407	0.010330971879903783	0.010330971879903783	0.033275004134644966	0.0	0.0	0.0	0.001743151145431024	0.0	0.04739887120899354	0.1231919251333045	0.04739887120899354	0.0	0.013092001304514461	0.04739887120899354	0.001743151145431024	0.0	0.0	0.04948459473217193	0.0025919773686304093	0.3270642091564755	0.013092001304514461	0.019117708448697354	0.0464420023648056	0.013092001304514461	0.0	0.0	0.05190946532189448	0.0	0.04982658472798838	0.057686110513521786	0.04675508102819586	0.04675508102819586	0.09571625254520634	0.033275004134644966	0.0	0.0	0.0	0.0	0.013092001304514461	0.0	0.0	0.0117052458388245	0.03581003313806785	0.001743151145431024	0.044568541926133944	0.0	0.002158406569959716	0.05089738091343443	0.0	0.04675508102819586	0.004059234357645185	0.0	0.0463977488394403	0.013092001304514461	0.057686110513521786	0.028403843867913857	0.013092001304514461	0.037082884244605034	0.0	0.0	0.0	0.0	0.0018749251139302363	0.04853521364684064	0.0	0.0	0.044568541926133944	0.033275004134644966	0.0	0.02649090340992091	0.0	0.0	0.0	0.006694867849973994	0.032446081963882635	0.002158406569959716	0.0	0.0	0.01246065215905835	0.001743151145431024	0.04087491897854682	0.0
araJ	0.07531727062595663	0.006538179080325407	0.04935139868947939	0.008744443622828585	7.581179629677583e-05	0.03316316484468595	0.0	7.581179629677583e-05	7.581179629677583e-05	0.0	0.06669946349902463	0.010568479391068513	7.581179629677583e-05	0.10852149362830316	0.0	0.03761219285738405	0.1086343551406079	0.039481103125980584	0.0	0.0	0.008122132977356197	0.0	0.0	0.0	7.581179629652817e-05	0.0	0.04945252056988212	0.07799616919236399	0.03261713464006908	0.01797308004386103	0.0	0.028599561729540934	7.581179629652817e-05	0.4586060094385252	0.05487834819053545	0.0	0.015035348024359282	0.11526500110169334	0.0	0.0	0.0	0.0	0.04537958747682771	0.12304583353748148	0.005189297454165454	0.0	0.0	0.06920117023927079	0.03626758119534965	0.03626758119534965	0.0	0.008122132977356197	0.0	0.017245746500654913	0.0014883201643464397	0.01676535548792573	0.0	0.0	0.09394747971875679	0.0	0.0	7.581179629652817e-05	0.03802071285355781	0.2794009851878934	0.09016567241123247	0.0	0.003999081487890156	0.06876119660393339	0.0	0.0	0.0	0.0	0.06920117023927079	0.0	0.0	0.0	0.0	0.0	0.0	0.05063824708272289	0.09153640231355893	0.020884911164865717	0.022042353381127606	0.0	0.03802071285355781	0.008122132977356197	0.019354196240553005	0.058531644083269475	0.05695509130213835	0.0168105499208967	0.1724070132670063	0.0597891838790357	0.0	0.18461180512630251	0.025795662593271318	0.01766767529930288	0.0038636129444014644	7.581179629652817e-05	0.12638531615302434	0.0028339974858451367
nupG	0.0	0.0	0.011694163906978226	0.036961569243951095	0.03089558301904979	0.0	0.0077400276830083565	0.03089558301904979	0.03089558301904979	0.0	0.03860995870695509	0.002859570868844766	0.03192070241341036	0.06646832059091537	0.0	0.0	0.07814022045233134	0.03011728276037586	0.0	0.0	0.036552936725772284	0.0	0.0	0.0	0.03192070241341008	0.0	0.0423444208218384	0.0	0.0423444208218384	0.0	0.0	0.0423444208218384	0.03192070241341008	0.023095020715075947	0.0	0.0	0.0	0.1202650307740042	0.0	0.0	0.0	0.0	0.0	0.0	0.0	0.3745763649978066	0.0	0.0	0.0409779179648164	0.0409779179648164	0.025273813966396975	0.03655293672577198	0.0	0.0	0.0	0.011066406749229755	0.0	0.0	0.0	0.07880966136865507	0.0	0.03192070241341008	0.042754737412570146	0.0	0.08116097086968393	0.0	0.03956509887116518	0.0409779179648164	0.0004399665891175423	0.0	0.0	0.0	0.0	0.11025875043987757	0.0	0.0	0.0	0.000261673363676712	0.08077976337296308	0.0038897082763389183	0.0018840281884668223	0.0	0.006387306064403639	0.0	0.042754737412570146	0.03655293672577198	0.0	0.02340452325884075	0.0	0.020327091051712067	0.0	0.0	0.0	0.08116097086968393	0.0	0.0	0.0	0.03192070241341008	0.04325090443100391	0.0
