	lon	rpoH	mopA	htpG	rpoE_rseABC	ibpAB	ecfABC	ecfH	fkpA	crp	araE	xprB_dsbC_recJ	lpxDA_fabZ	ppiA	dnaA	ptsHI_crr	cirA	cyaA	speC	araBAD	clpP	nagBACD	araJ	nupG	ecfK	fur	yhfA	srlAEBD_gutM_srlR_gutQ	fucPIKUR	mopB	mglBAC	malK_lamB_malM	uppS_cdsA_ecfE	fecIR	sodA	tnaLAB	deoCABD	fepB	glgS	htrA	acs	ebgAC	araC	ansB	fnr	himA	cytR	narK	gntKU	ivbL_ilvBN	icdA	hflB	arcA	fhuACDB	frdABCD	ecfD	malEFG	narL	appY	dcuB_fumB	focA_pflB	ecfG	melAB	tdcABCDEFG	gltA	fixABCX	hypABCDE	fucAO	nuoABCEFGHIJKLMN	aceBAK	caiTABCDE	malT	nrfABCDEFG	tsx	gntT	cydAB	manXYZ	appCBA	ompC	yjdHG	cpxAR	htpY	malI	dnaKJ	malS	grpE	deoR	pspABCDE	sdhCDAB_b0725_sucABCD	dmsABC	ostA_surA_pdxA	FruR	marRAB	cyoABCDE	tonB	soxS	nfo	rpoD	uhpT	caiF	iclMR	epd_pgk	rob	adhE	zwf	lacZYA	nupC	acnA	envY_ompT	ebgR	fumC	osmE	glpACB	lrp	glgCAP	dctA	malXY	hns	osmC	nagE	araFG_araH_1H_2	nirBDC_cysG	fepA_entD	glcDEFGB	udp	skp_lpxDA_fabZ	rotA	ndh	glnALG	dsbA	glnHPQ	narGHJI	hycABCDEFGH	fadR	ompF	glpD	lysU	gcvTHP	fadL	glpFK	ybiS	mdlA	livJ	fumA	aldB	rpoN	gntR	galS	ecfI	fpr	mdh	hypA	malPQ	ecfF	himD	rhaT	mlc	ilvIH	rcsAB	nac	pykF	glcC	gcvA	nlpD_rpoS	betIBA	lacI	narZYWV	gcvR	ompR_envZ	cpxP	tsr	rtcR	glpR	uhpA	fhlA	yhdG_fis	ecpD_htrE	kbl_tdh	alaWX	alkA	fadBA	lctPRD	fdnGHI	ybaO	aspA	gdhA	dadAX	uspA	putAP	gltBDF	sdaA	evgA	dps	lysR	nrdAB	fabA	osmY	mdoGH	proP	betT
lon	0.0	0.04517522962761041	0.031001743603456283	0.03730738727661191	0.02503647544770999	0.03536806214352657	0.030646130722689693	0.05186241651121116	0.052014651161695576	0.0	0.04122399539417175	0.027202624804255813	0.04259655708248095	0.011466870285551866	0.0	0.0	0.017728673099056038	0.026732296617749125	0.0	0.0	0.13745160514222057	0.002556678259022511	0.051443330676163274	0.0	0.037689722544062144	0.014761115417319955	0.011673741821016052	0.0	0.03684153809884477	0.6103277477513458	0.0	0.05566781257387371	0.03792923297149506	0.0	0.0	0.00601509673529388	0.0	0.013270648989426165	0.00889670998851357	0.008899103483185627	0.023008482004350673	0.0	0.0054571215058247195	0.0	0.13034991622448688	0.009537192475773244	0.0	0.00942173894803614	0.0	0.0	0.0	0.00801748856825166	0.005471003241942074	0.0	0.035929917636045895	0.061450732977991744	0.010152427829738887	0.0	0.0	0.0005725662386557169	0.013678722338033413	0.009005330814836603	0.006910169507478082	0.015523652324471487	0.031335927452573305	0.0	0.0	0.014049720926278078	0.0	0.03387060988293977	0.0	0.0	0.057913498487046036	0.0	0.024753368654162795	0.0	0.0	0.0021607350045897596	0.0	0.0	0.0	0.03979254280099368	0.015077891941666798	0.05118394816606998	0.037606442357650795	0.026497894324708577	0.0	0.036571025258803416	0.010443898445717725	0.0014119142517268757	0.021612237428468066	0.09698621422753935	0.0	0.0218727498659006	0.08313468696060432	0.0	0.016065304549275024	0.054273983163858466	0.008087338542698372	0.011051124487161598	0.0669777281038394	0.002536966758432089	0.03747938995901771	0.0	0.0	0.0	0.0	0.0	0.03467346191293736	0.006278016157007096	0.0	0.013075192155695123	0.036357467193104884	0.0	0.0	0.0011374109515766655	0.0	0.0	0.0	0.0	0.0030925872597319685	0.0	0.0	0.011805849607678906	0.0	0.05560727344175931	0.0	0.0	0.0	0.0010713191028494965	0.005898214412677147	0.0	0.0	0.0395767071846537	0.012549438615542712	0.04811843286035893	0.0	0.006898465732035269	0.04669311964917208	0.0	0.007328930791302354	0.0	0.0	0.0	0.06993457850635845	0.0	0.03937895973839572	0.0	0.048740405304193976	0.0036027422086064628	0.010978693698640732	0.03813996859406083	0.025840919940873657	0.03362893959531667	0.0	0.022718501802518346	0.025725824683675253	0.0	0.0	0.03508481291723752	0.05667244017661332	0.6349476496280136	0.009738977222684426	0.0	0.0	0.0018068663103452114	0.0	0.0	0.05517636492809776	0.0	0.0	0.08086883505603679	0.0	0.008389267602586108	0.0	0.04054172547005075	0.0	0.02935189922058757	0.017300700254064997	0.0	0.014599548904845678	0.036954332883803384	0.0	0.0	0.03259507935005133	0.026417447204188274	0.027191629340634845	0.06497845284677432	0.0	0.0	0.0	0.0	0.0	0.0007388925432316204	0.050241792626061745	0.09544253234861844	0.0	0.048059777707316335	0.0	0.056772896727063385
rpoH	0.04517522962761041	0.0	0.10230716670651344	0.5458350565617504	0.050787007388384445	0.11827303616953265	0.002456112193539652	0.040590172846903354	0.013294265607531285	0.019461671977155537	0.0	0.00952041013124691	0.01368165575000165	0.0	0.01139358265631644	0.011871205144107897	0.032997060262605876	0.023585440153334466	0.024322026129794894	0.009578471357083588	0.04788042557337575	0.0016168274310138064	0.021929237553924657	0.03384581858931306	0.020146378261922095	0.08440685799690646	0.03367042098009282	0.02582946282679877	0.01724607571639249	0.5808359375072906	0.004121221785696098	0.0	0.06824599726140497	0.00043482867717566613	0.0	0.03658949087978058	0.0	0.01488018026873417	0.0	0.008396828113796804	0.02536447885762049	0.0	0.0	0.0	0.0	0.0	0.0	0.0	0.0	0.017304389933086545	0.0	0.03260458704702536	0.0027613848794933093	0.012858271354094687	0.0	0.022631057919699434	0.0	0.0	0.0	0.01446861488687746	0.016699748169782806	0.027624147435591297	0.0	0.022085330706046933	0.0	0.028916914331360177	0.11912002575114297	0.0	0.017947481976686667	0.0	0.0	0.022637448893280912	0.0	0.0	0.0	0.02433921791403272	0.02890447221118595	0.0	0.0	0.03438610983382082	0.02424201250506626	0.033840620698833826	0.012244825250125208	0.023044082695215476	0.001847776244797658	0.04760190737683592	0.0	0.0	0.0	0.0009217929299351967	0.10759930000313399	0.014969083523658258	0.0	0.015291724942602957	0.05490473402734804	0.0	0.0	0.020790831686650437	0.006267730301720514	0.0	0.04597575243464664	0.0	0.0	0.0	0.0	0.024388105473736564	0.0	0.0	0.01565410971564965	0.04107582001956154	0.0	0.0175354312783675	0.04426979003403555	0.010837450112865825	0.016191623812597627	0.0	0.032486838798405235	0.0	0.0	0.037501934723051196	0.026805953657575814	0.0	0.08910679961872282	0.03515831411256614	0.06282531950290822	0.015820807323717535	0.0	0.005303656167764853	0.008776498127197314	0.0	0.006593856350481859	0.03257900835799632	0.035280055900732195	0.03680291941618886	0.06392486646600659	0.06362803127250978	0.01932478382780555	0.0	0.0	0.032073163919508214	0.0	0.0	0.0	0.0	0.035275272636719764	0.0	0.03411872913547076	0.014342990959572005	0.04599146758145786	0.006845385482063911	0.0	0.013657358596407078	0.0	0.025329072830067603	0.0	0.004514146913113357	0.0	0.025142722464262097	0.0	0.02177850292226028	0.01598753039436435	0.058460120146685335	0.5496056332150212	0.0	0.0	0.034955520121279005	0.005991474046066145	0.026092810231190477	0.0	0.04953650111813792	0.0	0.04347032623364021	0.0	0.05300200666064669	0.0	0.0	0.04624023935446795	0.0028119385164749166	0.022020562702299698	0.002362469532102939	0.0	0.013663631209805793	0.0	0.0	0.097593993355516	0.013870047447426597	0.03470612499445455	0.08321555424389555	0.0	0.0	0.0	0.009879696595950093	0.02322600379901948	0.0	0.033867822468136084	0.021560596475960887	0.0	0.0	0.0	0.02177975605789423
mopA	0.031001743603456283	0.10230716670651344	0.0	0.059742246842425406	0.04309752791453676	0.6051638327213195	0.10128760154854632	0.02614200531086745	0.032044706257738635	0.0	0.0029169209349032325	0.014955001424889959	0.015757428729638416	0.006449409769556368	0.011917637749057687	0.03725370984487942	0.036303775103352094	0.0024265117642736085	0.04667745786092208	0.0	0.09582699346301841	0.03418296529142553	0.0356499247278093	0.0	0.022405998998876252	0.0	0.01910344598359029	0.0	0.020902896495646257	0.08268637859540329	0.042732560361744276	0.0	0.03506412841522614	0.028150682570218348	0.012054940161518098	0.008982183570091	0.0	0.1003266566135563	0.02053003776441599	0.03387048582068223	0.050553434415806814	0.0	0.0037139250332568602	0.0	0.0	0.0	0.0	0.0	0.004053073645776006	0.001895824617015609	0.05807975399507984	0.06619690054422113	0.0	0.004582661431541095	0.09084282409821046	0.05372715830170236	0.01794593719086842	0.005978667493115408	0.0943277847597082	0.0	0.0485748361760262	0.01784418817203406	0.003109853038220474	0.0	0.07050875881192595	0.024459599708126677	0.02677609851567269	0.015786868208968952	0.0	0.0	0.020160546511749797	0.031035396623916002	0.0	0.005383045971553755	0.0	0.0	0.0376173864584927	0.019193956949543633	0.0	0.0	0.0	0.05609902772485855	0.11729187789315969	0.6294731939648325	0.01665467662200304	0.04433902077120018	0.0	0.012152984623369063	0.009339099498811882	0.0	0.039501825613587734	0.0	0.0	0.0038925626370782235	0.0034873632073886825	0.0	0.0	0.04047857441855266	0.0019277441699486395	0.003052566921870835	0.044047581937242355	0.04239578043741772	0.0	0.0	0.0	0.04228725525327591	0.0	0.0010189781825766105	0.12042847622258769	0.0	0.0	0.004778630725695328	0.0	0.0	0.0	0.0	0.012538313306868052	0.018694132884394615	0.0	0.023186741529410266	0.03195674087997251	0.0	0.020573617843295474	0.0	0.05500323645453007	0.05660160404423094	0.0	0.0	0.0	0.0	0.0	0.0	0.0	0.06583029027087574	0.0	0.0	0.005660638276985633	0.0	0.0	0.0	0.0	0.0	0.0	0.0	0.0	0.0	0.023079406020025645	0.020223976728091196	0.030076277695394765	0.0	0.0	0.04615894958447898	0.03969509711698676	0.03240656508674006	0.0	0.019217645934485716	0.0048551091231935455	0.00974756443273623	0.007165096301255994	0.013563197829535634	0.0	0.025738353672677187	0.026221267854659253	0.0047763251367687375	0.03616443950116663	0.018790279683160736	0.009193403204736045	0.008210762121608928	0.0	0.025767088434040616	0.005558955332674402	0.0179680647317753	0.0	0.025449096381236058	0.0	0.0	0.006802492156142654	0.020273542695455726	0.0	0.018406673887645185	0.005577783480783296	0.0	0.0	0.0	0.0	0.003855259152879851	0.05439674414848594	0.030387001100783226	0.0	0.0	0.0	0.0	0.006064921626872621	0.018136796732147385	0.0	0.02255028987816678	0.037944807639880694	0.04210355584376616	0.01628405569182066	0.08651733665567163
htpG	0.03730738727661191	0.5458350565617504	0.059742246842425406	0.0	0.015045731385916165	0.047776722523516994	0.026920266275792186	0.02316343838083143	0.02719974348942023	0.02443504901602411	0.0	0.013196381714153339	0.0	0.02053392369243729	0.0	0.0	0.0	0.0	0.010206606140721466	0.0	0.08579600245192687	0.0	0.03412325433688146	0.0	0.003922868820624526	0.027262299841238145	0.0028917957134763582	0.012238876512087419	0.07193507227250491	0.0638613262319009	0.045929741965233015	0.0	0.007904423904457485	0.0	0.0	0.03255899097025693	0.015839102606420706	0.0	0.03253814043549079	0.01717534838843207	0.03703208644087881	0.009486471384368625	0.012777848901194828	0.0	0.00799137581878999	0.10993632562680349	0.002946074649759784	0.039398128741300116	0.0	0.031653441863057574	0.0	0.04009748331297596	0.04660719138618888	0.017049466483643593	0.0	0.029059473684934826	0.00013601346586501208	0.0	0.0	0.002334696290497395	0.0	0.11063323446679195	0.0	0.0	0.10020331869168073	0.0	0.08137632298424609	0.02632809278335152	0.00195088412416745	0.006444065842766784	0.0	0.016868762954705706	0.06291378138987594	0.012742521643534533	0.04591044636527675	0.0283264421227308	0.0	0.0	0.0	0.0	0.09335204929555255	0.0714883029182326	0.0	0.0685467552015172	0.0	0.02978378172708867	0.01578922303411812	0.03811713904715956	0.0	0.0	0.07544773074323256	0.009306090395962054	0.0	0.0	0.0	0.0165233052991444	0.0	0.03415683591158699	0.0	0.0	0.029379803209114742	0.0035227375913410024	0.008193620188291739	0.0	0.01582240035094954	0.021025242128354327	0.0	0.003370576501717125	0.009805455826435874	0.051203783280357164	0.013163363615818525	0.003960343722064993	0.0	0.0	0.04478548233063188	0.0	0.043770918665684444	0.0	0.0	0.0	0.0	0.0087305593368155	0.0	0.0	0.0	0.03105132185974239	0.0	0.0	0.0	0.0	0.5108586358081266	0.0	0.015837204987505127	0.009465422348828677	0.025693329096800107	0.0	0.0	0.0	0.0	0.012261817950680444	0.04079774823746906	0.0	0.0	0.07227389977789239	0.0	0.0	0.0	0.0860921486271382	0.03968482489878023	0.0	0.010479828760104774	0.0	0.04907226316127603	0.038628267678950834	0.0	0.0024301257285657425	0.03411749945202144	0.0	0.0	0.0	0.0	0.05318416277256885	0.0	0.0	0.0	0.0017008226128889306	0.015819461954989532	0.0	0.0	0.0	0.0	0.0	0.0	0.005588301737105968	0.10138892582617304	0.0	0.007816950081997443	0.015732330259813233	0.0	0.0	0.03795441890160202	0.03839807339269001	0.014856749677165665	0.0	0.0	0.02778612449244373	0.0719850071041107	0.03621516622571317	0.012470693275076548	0.02604397526427759	0.0060655151648567026	0.0	0.027138188642722112	0.0	0.0	0.021068057934150196	0.0	0.01531850019015744	0.0	0.025460243540846483
rpoE_rseABC	0.02503647544770999	0.050787007388384445	0.04309752791453676	0.015045731385916165	0.0	0.01899233527568001	0.084065541000482	0.7466139683813694	0.06754405544182623	0.0	0.020651886366043877	0.06397025281506083	0.05330612276658314	0.0	0.00467375571139056	0.0	0.0	0.02772917711908048	0.03630071090497132	0.03302435575877636	0.039647919375792824	0.0	0.0	0.02674532012453731	0.06926825609823764	0.0	0.0	0.034102484175987414	0.03149170996076419	0.03896496243858816	0.0	0.03203900427372733	0.047561122080745394	0.0	0.03953881070556315	0.0	0.0	0.003204081539596575	0.07223047237670227	0.018953886623558285	0.02564959653085754	0.0	0.013317289351914084	0.0	0.0	0.0	0.0	0.0	0.0	0.0	0.011316915165311893	0.07438449371340744	0.0	0.0	0.0	0.11993301843189387	0.0	0.02148339023035997	0.0	0.0	0.0041854041718309065	0.06471215692618669	0.0	0.0658088444313292	0.0	0.011252859504685441	0.0	0.0	0.0	0.03665040515142761	0.0	0.03174741597315453	0.029836315502785534	0.0	0.0	0.0	0.0	0.0	0.010002407379662416	0.0	0.0	0.03049312966531822	0.0	0.0	0.05428868055578288	0.03373157577531595	0.0	0.0	0.0	0.0	0.11136223271714248	2.4492516697041857e-05	0.0	0.0	0.0	0.019324111765898298	0.0	0.07920013052726606	0.0	0.0	0.0728791692781745	0.0	0.0	0.07777549707488107	0.0	0.0	0.0639491207376378	0.009166921249502313	0.0	0.0	0.059094331472798314	0.003649683209264917	0.012409893923149255	0.014043734751559714	0.0	0.0	0.0	0.0	0.027435131382228296	0.0	0.0	0.05263480265738697	0.00010706485492964069	0.003797549868141424	0.0	0.04683700743963987	0.0	0.0	0.016995410228429618	0.02711275214001698	0.023777133520399715	0.5715299337563667	0.039751754794847716	0.10790066808749571	0.0	0.0	0.06041383628450956	0.030839353811000753	0.0	0.0	0.0	0.009203374588334822	0.023343489030787368	0.0	0.0	0.0093693529279254	0.0	0.007596283197087929	0.03725777930686315	0.09086334262200911	0.0	0.0	0.0	0.09905084241487154	0.025886982627719216	0.01220062634155703	0.03634733558197565	0.0	0.0	0.0	0.041476832168151095	0.08923862752352528	0.0	0.0	0.062075684337426655	0.04618826158057406	0.0	0.005367083707704742	0.034784042879544556	0.0	0.0	0.0457467667367128	0.0026423588630235376	0.0	0.0	0.012203986476046197	0.007451071181305269	0.0	0.0	0.0	0.04997901787967611	0.05393922416802406	0.02345416379192623	0.025402763813635112	0.00855985685175362	0.028764497132850893	0.02076022034429204	0.09349447843836171	0.0	0.0	0.05198845244785619	0.004224400941302766	0.030326268400618563	0.048229303080301884	0.0	0.7279929675121014	0.0	0.7462649163739786	0.0	0.01928729431955205
ibpAB	0.03536806214352657	0.11827303616953265	0.6051638327213195	0.047776722523516994	0.01899233527568001	0.0	0.04239341059633866	0.0	0.0041010237581933385	0.01763447918142323	0.0	0.07479718825550946	0.028925283101647818	0.03746278829562782	0.0	0.0	0.018591817760344805	0.011481513604153394	0.0	0.013441577917892788	0.03815145628400557	0.04702799970901145	0.0	0.0	0.02524860307232616	0.0	0.02723836563151919	0.034483640174312574	0.007474364282619262	0.035967701295180586	0.0	0.0	0.0	0.0	0.0	0.011006538100038996	0.04196483407147589	0.0	0.02543800471693033	0.0	0.0	0.0	0.07188561166575994	0.02368575170757041	0.00022225352187869	0.0	0.0	0.0	0.0	0.0	0.0	0.04954649255419061	0.0	0.0008568033298463446	0.055044228930696194	0.002299443926252075	0.0	0.020221847145121468	0.0	0.0	0.004627602861212966	0.0	0.04759982814184041	0.0	0.04531432028665183	0.021317266715690564	0.037109314573775	0.0	0.0	0.0	0.022488981098601556	0.06069882113735625	0.0	0.0	0.0	0.0	0.0	0.0	0.12506881219064878	0.02543919090445365	0.034835076877249925	0.14007152149990293	0.015160020966805583	0.13128366835644542	0.0	0.06642626659431859	0.007672652939788846	0.0	0.03298998284174124	0.0	0.003495404675687568	0.0	0.0	0.04804095592995128	0.052491158553121475	0.012010327747833168	0.0	0.03482778740872468	0.0	0.0	0.012148275755378767	0.023466621184116552	0.010700887510200206	0.0	0.0	0.036618101620656596	0.0	0.0	0.011883979395841996	0.0	0.037948449536543395	0.0264654153174937	0.011197881583899715	0.0	0.0	0.010690006410193178	0.006719807544201528	0.03550984018807873	0.0003095786279962727	0.03891175920823863	0.006042356358157324	0.041085753869585635	0.02822403077880479	0.04859572849366137	0.0	0.03326858993146769	0.04725147533401746	0.0	0.005848950068184954	0.01150923322766857	0.03669455576931201	0.0	0.017238944123973293	0.001972186368176864	0.0	0.0	0.0080377454203108	0.0	0.006352563412109376	0.026911496095128325	0.0	0.0	0.0	0.0	0.0	0.0	0.0	0.030582489721168504	0.0	0.0984049947701475	0.01723040054715674	0.044112617161065217	0.05943253034828279	0.0	0.048904216191532505	0.009125284466318122	0.0	0.0	0.0	0.0	0.0	0.09453444022690853	0.0	0.0	0.0023115668132797362	0.029643660970835255	0.0036125780440370084	0.0	0.019111782444229862	0.00524357453948383	0.02972692488184316	0.0	0.07457250395934854	0.07914193082816565	0.03112631733214342	0.0	0.0	0.026286420641026157	0.0	0.0	0.002498638598179049	0.010470146335139168	0.009513367584063567	0.0	0.006552582457218304	0.0	0.024568781181074705	0.022914865801828693	0.0	0.021746248150882937	0.0	0.0	0.010789186050443258	0.0	0.0	0.042873811726786726	0.035792648407680094	0.009444289464253328	0.0	0.0
ecfABC	0.030646130722689693	0.002456112193539652	0.10128760154854632	0.026920266275792186	0.084065541000482	0.04239341059633866	0.0	0.07781575181065599	0.07688181510069736	0.015200409844770738	0.0	0.02396543413164681	0.08239320424527162	0.0	0.023726980871629	0.0	0.0	0.006944566104807129	0.005875677355445928	0.0	0.04569083433682093	0.0	0.0	0.04949767715757401	0.06914995339967538	0.032086102069749156	0.007858504406241907	0.020151584471122534	0.00045834540500930835	0.11234417271599902	0.029283027905387893	0.047985366705514926	0.11576242954689579	0.0	0.0	0.0	0.0	0.0	0.03468959731950652	0.041991126445698135	0.05226809605006573	0.09077590276796005	0.03677413808419561	0.08787692071187779	0.0	0.0	0.039650803312293315	0.007316179113195364	0.0024527924580141076	0.013669468916378786	0.041535734766883006	0.031108298823688454	0.0	0.0	0.0	0.09839819263604481	0.0	0.0	0.0	0.0	0.014627861679251961	0.08459431021547388	0.0	0.011331721526825564	0.016159382349160263	0.0	0.0	0.0	0.02769654240129561	0.022503169213796075	0.006596049157312343	0.0	0.0	0.0	0.0	0.036242306425265484	0.0	0.0	0.03186523823027694	0.034295465751746745	0.01741128640014061	0.019482007065976328	0.005600398593253222	0.0	0.048335640950200376	0.03721634264431582	0.07279401334064463	0.03169893582513342	0.0	0.0	0.13343429557421418	0.0	0.017448418262750842	0.0	0.009435075115352819	0.0	0.0	0.05146223046698283	0.0	0.007452435788399898	0.06952805303344768	0.012130382492038445	0.0032494833424331184	0.031411098546044416	0.02858495006771876	0.0	0.01864465542016531	0.0876942856685012	0.02873291900638062	0.0	0.0	0.0	0.0	0.04716669387160704	0.03217934363668905	0.0	0.0306810389897256	0.0	0.02775849502881545	0.0	0.021710537375941304	0.0	0.0	0.0005126867500685047	0.0	0.05594137639520483	0.0	0.0	0.030009932360356643	0.0	0.0	0.06403786930828943	0.0	0.06171236376166775	0.0	0.08423540152664663	0.0	0.0	0.0	0.0029886887917906163	0.03255825493735151	0.0057315068538815	0.01052806320866754	0.0	0.0	0.014217807607515323	0.031200427260681646	0.0	0.06262424713606776	0.04743774336191408	0.10441503045726067	0.0020294423854409446	0.00972572111912713	0.725092443036386	0.0179998399515487	0.0	0.13978337669788785	0.06310078680150129	0.008183443530123836	0.0	0.0	0.05922756689977004	0.08338632064396967	0.023109853340939162	0.04730475957831343	0.0	0.0	0.0	0.0012214434083810029	0.0	0.0	0.006916958287903711	0.0	0.0	0.0	0.0015174224909193456	0.012268846010818811	0.0	0.00809934231298957	0.0	0.056541925915697594	0.0	0.002275561979248596	0.01993254049570258	0.016863865013887654	0.5010840589415302	0.0	0.09320889258103937	0.0	0.039617727559949786	0.06546527393756248	0.0	0.025624478841487296	0.04457243441288257	0.0	0.15989642670350562	0.009785818831517192	0.061932481672359874	0.0	0.0
ecfH	0.05186241651121116	0.040590172846903354	0.02614200531086745	0.02316343838083143	0.7466139683813694	0.0	0.07781575181065599	0.0	0.09191177511453652	0.03480432382836058	0.0	0.031009104169373757	0.15178445154465395	0.0	0.0	0.005506990235496451	0.007039430073800329	0.030908165973009778	0.022610472848162495	0.0	0.04650327163513207	0.0	0.005842103425574951	0.002600027418180157	0.06000785594020897	0.0	0.0	0.0006013221726440842	0.0	0.07334979224107861	0.04926392114018891	0.0	0.052405495045693695	0.008988184142074685	0.03493715442451979	0.0	0.05286842493483904	0.019864060576594365	0.0	0.03467040400658589	0.0269013087985249	0.0	0.05546415397511256	0.0059613296869643565	0.0	0.0	0.0	0.009153737063387056	0.0	0.020138889975694223	0.0	0.048383483815071036	0.0	0.006875586102769869	0.0	0.054294513767078195	0.004747544043100816	0.0	0.0	0.0	0.0	0.7540951953244035	0.04562667286610486	0.02109483788463699	0.0	0.0	0.0	0.023470637835820943	0.023109446047045762	0.02669247917062933	0.0	0.011806493916844315	0.0	0.0	0.0	0.0	0.0	0.0	0.0316099893702867	0.0	0.0	0.04896063024918451	0.12852117021993542	0.03365078379227505	0.0	0.05149171574658183	0.0	0.03813278661753251	0.0	0.0	0.09272122783606009	0.03441309790422704	0.0	0.0	0.0	0.0	0.0	0.10532611600893632	0.0	0.008162773686931345	0.07793604276486053	0.0	0.0	0.011776844610062126	0.0	0.0	0.0	0.007396828436593078	0.013204311753424954	0.0	0.025982350054901553	0.0	0.0	0.0	0.0	0.0	0.0365035174687926	0.0	0.016389516727597173	0.0	0.0340812886888794	0.07252517869464976	0.11724685870416415	0.003314120055401646	0.015772005934049687	0.03367198193338721	0.0	0.05955420528557518	0.0	0.0	0.04617712430474118	0.029975984015905906	0.033121022451345364	0.08020617819971085	0.0	0.0	0.0	0.0	0.0	0.034638773120033266	0.026249188888698895	0.0	0.0	0.0	0.0	0.14442184602322516	0.0	0.025247222803114675	0.12272437082215505	0.011427065498553221	0.0	0.003269624014117558	0.01223720609278003	0.07948248460006407	0.0	0.019032673467878868	0.004252761042929252	0.0	0.0	0.0	0.021130435804308293	0.06736009224328812	0.002808518735596418	0.0	0.021899209529882432	0.0017743762942624378	0.0	0.033403788703420444	0.024227809147916193	0.022444027012252617	0.0	0.06095283427494143	0.0	0.03376128359096411	0.011054868911708206	0.009478149791960653	0.05680351104774045	0.0	0.0	0.0	0.03683079369167287	0.00872724689780549	0.0	0.049447705036348745	0.005615457739227754	0.04543637119146286	0.0	0.7516306257141361	0.0	0.009412818136003335	0.02413407493035323	0.0	0.0	0.001627116600256049	0.029812383571284917	0.06497653190962709	0.10767823918031863	0.11131994933682507	0.0	0.015753424288508483
fkpA	0.052014651161695576	0.013294265607531285	0.032044706257738635	0.02719974348942023	0.06754405544182623	0.0041010237581933385	0.07688181510069736	0.09191177511453652	0.0	0.0	0.0	0.023668440122547207	0.726081970057012	0.007387817259299896	0.0253074184726723	0.010858430809814995	0.05912266620050914	0.0	0.004183835342782206	0.0	0.04763485629141226	0.0228233295344857	0.0	0.03731778380242726	0.7433887218339562	0.0	0.0	0.0	0.0	0.04156071357454939	0.03982886634840811	0.014189406589964247	0.09797110067200805	0.0	0.037962957322431955	0.0	0.04204969046723579	0.0	0.018900566274658522	0.06107144347232392	0.039427046492434316	0.0	0.09201683886594496	0.0	0.039617995290587876	0.0	0.023646810592682276	0.0	0.0	0.0	0.011473003302960071	0.01796624628368109	0.0	0.024762343441785045	0.0	0.08850882685055551	0.0	0.0	0.0	0.0	0.0	0.07164124698878546	0.010148474047617576	0.046893500209484074	0.004204519626666817	0.0	0.0	0.0	0.007371829862752998	0.02137238993111624	0.035410155280358756	0.0	0.03979504724083165	0.02385901948979262	0.02349087812094196	0.0	0.0	0.02577619373555225	0.030991323563536025	0.04071590947640089	0.0	0.05795367722683852	0.0	0.03822722234028347	0.0	0.04852818174739426	0.0004097273114180271	0.0	0.02821661394247542	0.0	0.06045665018373844	0.0	0.019738152235182674	0.0	0.0	0.006490258522133598	0.0	0.1812034281752246	0.002606988855728454	0.019657457773412282	0.08191535392714168	0.0	0.038068769348509696	0.048949893560072066	0.028460833873825492	0.0	0.012346437703028419	0.0048785990318522855	0.0	0.020007452591993945	0.0	0.03081728474265075	0.0	0.0	0.0	0.0	0.0	0.08907313436007	0.030978573994337254	0.010603853714332827	0.0	0.0	0.01244522413558175	0.03886357167770645	0.0	0.08210220794196584	0.0	0.008272321306916162	0.060564787451444016	0.0	0.029157177183831963	0.0	0.050432865590439004	0.06775941814939913	0.0	0.026296515723135207	0.0	0.01681482292873623	0.0	0.0	0.06277319118779835	0.04430667482889402	0.014804237081006272	0.0	0.06177392230493691	0.0	0.0866349738016718	0.0	0.04969651692371355	0.0329708194748647	0.0001556597723858869	0.029786561848636282	0.01853575720927779	0.2016793785468948	0.039247065382131255	0.0	0.0	0.0	0.004299211379424829	0.0	0.021411776155456023	0.08169167881490547	0.026769037079008424	0.023523451480321558	0.0	0.06290191780969494	0.041964494381650355	0.0	0.04694398071768701	0.011930200063273033	0.03859670005655629	0.0	0.04307779877132601	0.036175831857589956	0.0	0.0	0.0	0.025964135852290206	0.021806318811966242	0.0	0.048906584453693294	0.01825094297352518	0.0	0.0217983009390004	0.006673023560070134	0.03784711954604968	0.013882639960426336	0.052529076049759794	0.0	0.0	0.03074184824351068	0.05676838515393249	0.023260937771506562	0.03802664146665302	0.0	0.06706674603012179	0.0	0.11391165546623246	0.0	0.0
crp	0.0	0.019461671977155537	0.0	0.02443504901602411	0.0	0.01763447918142323	0.015200409844770738	0.03480432382836058	0.0	0.0	0.04814775584642909	0.0	0.0065430167445392805	0.08079944909439413	0.05114910132827716	0.030293157762873335	0.06419126976445623	0.24438272828388005	0.07369750736198435	0.075437421511228	0.0	0.05877195919566037	0.04737430719532834	0.01448632453054646	0.0	0.06784827120934973	0.06258547731802003	0.054359321836668785	0.9881878471859679	0.04195489712511702	0.052417188996887694	0.07912258290408249	0.04986141133324703	0.04262235739501945	0.09720356401022665	0.07247784947313743	0.04844720920639404	0.048687416306965776	0.07961702423899183	0.014213119695500731	0.02701638385032347	0.06539746727666063	0.06564267896584355	0.041696985734909715	0.05034427667468251	0.025806454797144173	0.011464171731943387	0.05828385064421646	0.12384051360886936	0.10453840650461069	0.006464513270377886	0.008365287222134019	0.007977486062645428	0.06338196713119228	0.0	0.0	0.06031173559325958	0.01428512427312879	0.0	0.03686569352842484	0.010995920648416448	0.0	0.0592371797934	0.02171139590505622	0.057016736030248906	0.05354359502208629	0.05200837916767381	0.06251796032833619	0.028041232565059995	0.0022126995547595246	0.028892236633342346	0.045163887286075406	0.06051066153520364	0.043599885003022185	0.0846330165585597	0.0	0.03828870222332407	0.0	0.0	0.022105399353930553	0.020449920532652436	0.0	0.05512080191413596	0.013398501759910567	0.05218120137156723	0.0026335829532579138	0.042766733499065304	0.057059444329047	0.0	0.019513260137560925	0.0	0.0	0.002971142725574761	0.002021799754711023	0.05927259259105356	0.04223879498373097	0.015904173346515192	0.038154908731471836	0.0382844859358205	0.03337281222923657	0.0	0.19930576670298025	0.014275448500217046	0.034091813609986796	0.008035733014995078	0.22611574404753626	0.02430450361659269	0.04605289886152708	0.052559304230655156	0.019834806524850094	0.01127390863589384	0.001107425979868708	0.023881183435584884	0.0	0.2748362101759187	0.024815882497050246	0.06557324402263497	0.008206287467117815	0.03793400603799834	0.25905840788653955	0.06627684538374988	0.032479339193030025	0.08538465934759368	0.031557474555731636	0.0390079235257662	0.0	0.04663384923849741	0.046604005254428225	0.0	0.005440808054134083	0.0	0.044225382862614904	0.0	0.0	0.0	0.0583370225271964	0.0	0.0	0.0	0.06533739439855617	0.0	0.0	0.03404822613085209	0.032091698679650074	0.06215194525197235	0.018901382321761206	0.28970379948640346	0.052748594300863705	0.0	0.0	0.0	0.0	0.0328096743460041	0.0	0.0	1.0	0.01927007322654724	0.0	0.037371272264750906	0.008043121705289997	0.0	0.0	0.026604468854536968	0.03182542252904499	0.0	0.03320894985712255	0.04155924499694725	0.0	0.037781999794085946	0.009195802886777182	0.017407313182954593	0.014261992190748536	0.0	0.0	0.05841394858593569	0.0	0.0	0.0	0.03161600754084089	0.025618251996831362	0.0	0.0006352729262506868	0.026552859140284428	0.0	0.0	0.0025384307776826673	0.09733428109620525	0.0	0.02752282731338229	0.0	0.04748062091937606	0.0	0.014961486784106654	0.0	0.025714849595693576	0.026324402382645214	0.09297803783897457	0.0	0.06000269837071817	0.0
araE	0.04122399539417175	0.0	0.0029169209349032325	0.0	0.020651886366043877	0.0	0.0	0.0	0.0	0.04814775584642909	0.0	0.0	0.0	0.028886127727552332	0.0	0.035490830660309045	0.03832070239026331	0.05987099074857366	0.03716006639899348	0.1141091744003651	0.0	0.04807432737334565	0.03768948887603738	0.0	0.0	0.031691097066938095	0.03591074314142367	0.059719475029926666	0.05545386752852122	0.0	0.038234042375681704	0.050771428918576625	0.0	0.04701760191588525	0.04102679439634462	0.06220599935577167	0.06390706155566074	0.04559806390761696	0.054700000446289504	0.018501577101211204	0.0	0.11317896758400242	0.05932235925955412	0.03597833159751282	0.0	0.0	0.03509677521557003	0.03449550555266951	0.03257171668020153	0.05423833671893763	0.07517170237962556	0.0	0.1239494443747622	0.05270691179197501	0.03440447768886615	0.0	0.03942213939547967	0.0	0.02575588241374402	0.022233721479754928	0.035454809686708895	0.0	0.04236454777894813	0.03204453202769717	0.06128246045152783	0.06829556425314555	0.0	0.05241474984325143	0.0	0.020921375546655106	0.04761309459772581	0.05576300316264325	0.0	0.06107149394232668	0.04711050392012353	0.0	0.02919181213774164	0.004999118287788613	0.09297918239491912	0.022237301517439998	0.0	0.0	0.051188662187047804	0.0	0.03507435460212893	0.008509380530567021	0.0	0.0	0.0	0.0	0.03041746881769282	0.019532968991645857	0.012602217876535196	0.011343887314573416	0.0321931792857623	0.0	0.0	0.052673010403769344	0.16486854073702154	0.048895016879277414	0.0	0.05519060146760016	0.0	0.10570081018330882	0.0	0.11455075590958536	0.053208271770306945	0.0	0.008583621290865286	0.0	0.0	0.0011790819945575604	0.0	0.0	0.05623994996075985	0.0	0.03848936704487617	0.0	0.01788146115843142	0.03500202056970596	0.031485698429772974	0.013238276819401809	0.05633452737435105	0.01273131085576624	0.02315882318178422	0.019643031216366742	0.004657129294012893	0.0	0.0	0.0	0.01313902480088707	0.0	0.0	0.0	0.0	0.04754090514613721	0.0	0.0011288186955628239	0.0	0.030010034171826436	0.002658604267373016	0.0	0.0	0.0	0.04201595832491881	0.0	0.6934977053442113	0.07277353546444393	0.07129330912472932	0.022337236280874216	0.016556449374924426	0.0	0.09548756372932436	0.06022213075846203	0.0	0.04503956216995206	0.006764907685210809	0.0	0.00906271850164484	0.0	0.0	0.0	0.016812328716017056	0.0	0.0	0.0	0.0	0.020969085096199165	0.0	0.0	0.03170439009011281	0.01839405377623487	0.0322184150586378	0.0	0.010782683246829626	0.0	0.0	0.0	0.0	0.01852810594670977	0.0	0.013157790147345319	0.050017940596982044	0.0	0.0	0.037136212484770295	0.05348164871897318	0.0	0.0	0.03358750811273502	0.0	0.0	0.010880221299073773	0.012421756488450364	0.0	0.0	0.013214339275370362	0.0	0.03758294354626073	0.0
xprB_dsbC_recJ	0.027202624804255813	0.00952041013124691	0.014955001424889959	0.013196381714153339	0.06397025281506083	0.07479718825550946	0.02396543413164681	0.031009104169373757	0.023668440122547207	0.0	0.0	0.0	0.036453187322315235	0.009908672612193371	0.0	0.0	0.015036998956606679	0.0	0.03578298322610767	0.02102259347683504	0.08928263726800226	0.0	0.03629775986599488	0.015077055534310229	0.02861627615351089	0.003161513211177589	0.0	0.016418741778221523	0.0	0.026790196657252446	0.0	0.03371401072171241	0.07832914730079772	0.010038438109354779	0.015453243875800946	0.002452817888876874	0.008533367088593589	0.0	0.0054698711954873835	0.12521184125451923	0.06986721789441448	0.009761378850152038	0.0	0.013573887695027034	0.00908092287148127	0.0	0.013098448194529388	0.0	0.02212545194747992	0.02263336472524747	0.0	0.0	0.02696765325047073	0.0	0.0	0.0433253647903497	0.05206301794402282	0.011987789280154195	0.0	0.0034025566440041063	0.012360526352275915	0.048243757372007354	0.023041875650467142	0.027496191249424536	0.015353245506753325	0.004123093602241761	0.0	0.020810482025298758	0.0	0.035699234410518865	0.0	0.0	0.0	0.0	0.01638256562758869	0.0	0.0	0.0	0.04528477468167914	0.02836263505453592	0.023264880320580494	0.00791765187000028	0.02377388486670231	0.024592074899114972	0.03656194844963015	0.0	0.0	0.009839359883520724	0.0	0.021106557144465587	0.06666405213505026	0.05530887887362595	0.012553391573213607	0.0	0.0	0.015462598953897998	0.0054492881886132076	0.07417064062378773	0.0	0.0082852462763246	0.05851482342829585	0.04118388004625427	0.01101392287710343	0.01303901617881894	0.0	0.015312553784433474	0.0	0.06623591505914198	0.0817073695542014	0.0	0.0	0.026545474387712344	0.008583800190165776	0.0	0.004102448892969643	0.00010960970678520228	0.038958570331182586	0.0	0.0	0.0	0.0	0.0	0.0	0.025686714961373557	0.0	0.09840988558783996	0.0	0.0	0.0	0.0	0.0067570284425489836	0.0	0.022515134111490802	0.08801455552490905	0.021296667490457357	0.0	0.0	0.015641868325967194	0.0	0.0	0.00816266849584687	0.0	0.0	0.005673476244856645	0.004898880395669301	0.0	0.03538248868770233	0.0	0.11634444615263814	0.0009417543823505957	0.0009095972346879366	0.033556274315376125	0.008502589363198393	0.04954991662018294	0.0	0.0	0.0	0.0	0.0	0.0	0.011751055530737997	0.07471440917215948	0.026795710775165012	0.0	0.0	0.02086835102555175	0.0	0.0	0.009038404729545304	0.1296154271583968	0.0025815852766532025	0.04427131172253059	0.0020073337614693824	0.03874229811287211	0.0	0.013865704141335011	0.033987287880034835	0.0	0.0011159678204464968	0.0	0.04754472388944451	0.07605330615096063	0.0	0.05628995139742745	0.042213477674907435	0.0	0.0	0.045181548099348746	0.012598436015211585	0.0	0.0	0.02574010093552742	0.026598447221696957	0.012381787738776682	0.011951326275596185	0.6227394521681109	0.0	0.04344864536214531	0.0	0.0
lpxDA_fabZ	0.04259655708248095	0.01368165575000165	0.015757428729638416	0.0	0.05330612276658314	0.028925283101647818	0.08239320424527162	0.15178445154465395	0.726081970057012	0.0065430167445392805	0.0	0.036453187322315235	0.0	0.0	0.03504243940854782	0.025519894069576523	0.0	0.01078701457926734	0.0	0.0	0.02441478908155055	0.0	0.007328358933254875	0.03434362879456558	0.06459856184235567	0.0	0.0	0.06625690282801062	0.0	0.03298141708441299	0.0	0.019957421505953057	0.06444353854418737	0.0	0.03398972806169324	0.0	0.03026431190584902	0.0	0.029893168566248553	0.04776698498403164	0.02142253373424008	0.0	0.047901868852711284	0.008817527128366517	0.0	0.0	0.0	0.0	0.0	0.0	0.009560682605016933	0.03559068348077073	0.002028015050435961	0.0	0.0	0.1580257491083077	0.0072033771412582034	0.019226551812742406	0.0	0.03597154746662408	0.0	0.048114599267271865	0.0	0.015855135783224478	0.0	0.0	0.01191098983112858	0.0	0.04038520461048184	0.016695092288219197	0.0	0.04439798798424581	0.0	0.0	0.0	0.02938401461776715	0.0	0.0	0.0191806252246333	0.018762381680796705	0.0	0.022954639863602917	0.0	0.1447312466222677	0.0	0.03278848686092152	0.0	0.003498730195907262	0.0	0.003098044766734908	0.07912645639654677	0.03754090619267339	0.0	0.007080999700569344	0.0	0.0	0.005367382164641755	0.09219214004023742	0.0	0.0	0.10371439848202343	0.0044870227847033485	0.0	0.029192554888204044	0.05793898323166976	0.016682443995013896	0.0019165262995528638	0.023499562583475363	0.006415406214926052	0.0	0.0	0.0	0.005543378093971628	0.02090878246739706	0.0	0.0020610830027660647	0.0	0.02956352786150215	0.016462538274832194	0.0	0.0	0.02411315652064196	0.0	0.03628883015428824	0.0	0.0835292429184201	0.0	0.0	0.008867937222661038	0.0	0.0	0.025133384203878874	0.038884879174603974	0.08525601372846534	0.0	0.0	0.0	0.01790492057031403	0.5005953001647461	0.0	0.0020403955857669774	0.0	0.03349075920869147	0.04287997523566435	0.04661064377685628	0.02775200837354609	0.0	0.0	0.023750269255820224	0.026777373908875135	0.01526390160945683	0.0	0.10102790614757921	0.08377729641798816	0.0	0.0	0.0105626019697404	0.008452374841304717	0.0	0.032598454443094546	0.006734085258945896	0.05614011484632831	0.030953595057597382	0.011641362974967909	0.019722231938015422	0.03256204513855826	0.10309133816003009	0.012659187031746155	0.017760092488661988	0.040201261614086437	0.02063941814555648	0.0	0.011488404352288555	0.02305907834081856	0.0	0.020421493318795704	0.0	0.0	0.007549090356427273	0.004835499462523243	0.07298649232798045	0.0	0.029429731514243284	0.0	0.0	0.0	0.0010648293514881006	0.05042776084769458	0.007054955050731129	0.0	0.019967463396900944	0.024035614566444062	0.04480639882264039	0.009163016698729817	0.0234734539422115	0.05519754346975804	0.0	0.07335702671177663	0.0	0.0
ppiA	0.011466870285551866	0.0	0.006449409769556368	0.02053392369243729	0.0	0.03746278829562782	0.0	0.0	0.007387817259299896	0.08079944909439413	0.028886127727552332	0.009908672612193371	0.0	0.0	0.05895392522841128	0.038267745794311574	0.08044249301569462	0.049584446706716655	0.06118076374248835	0.06950110132998494	0.0	0.040561743686000525	0.07624361315096112	0.06304587578793218	0.0	0.036760262315319085	0.18544048553474993	0.06872410313101125	0.0804255413219426	0.0	0.04618727297311305	0.0730285044714977	0.0	0.804550350080242	0.013376900802749132	0.05257501987392785	0.07269362385669177	0.042738622371125426	0.0485838646008538	0.023787266008480645	0.03090492455434523	0.11900604129249781	0.05476173377302561	0.051130879770356456	0.04204713639927167	0.003897467020954328	0.03481985827004309	0.00046962044274014784	0.06612219591825402	0.0673754891367998	0.03816976484646445	0.04796375322929501	0.10790952436584994	0.05501213199554872	0.03937984017455761	0.020649058215061467	0.04926052546376858	0.0	0.0	0.058052556628117945	0.0	0.0	0.05920408843483931	0.05848062757747498	0.08493591068285006	0.03248769725300493	0.0	0.10672316962321478	0.06901628847823212	0.04408371270801411	0.05152575381849245	0.023954892372804664	0.0	0.06114381144767829	0.11400560393341959	0.04931724048835701	0.013501387072187652	0.020815148249091454	0.0	0.00529595687314101	0.012563238614429291	0.047940104816663075	0.0539193806243367	0.034161404963181666	0.06546636487332118	0.0	0.0	0.038787567771642266	0.0	0.06312891454247058	0.0	0.05015374400870346	0.0	0.0	0.09277954772878266	0.0	0.0003036449465339358	0.0	0.05067154932237327	0.021409623424777653	0.0	0.046901293095160765	0.009423596786245098	0.0	0.0	0.06579464132645896	0.0	0.02215901390861667	0.06484467263473948	0.0	0.0	3.900663986325898e-05	0.0075890473229248126	0.027849975059985908	0.04980467204854294	0.01288943904449857	0.08088195088082356	0.007876418812382933	0.0	0.06038984109443022	0.048922681128492684	0.01973865622668531	0.03612304827254006	0.0	0.09210237518183015	0.0002526091130048152	0.0	0.050802673556086905	0.017335295018436777	0.0	0.0	0.0	0.0	0.0	0.08345581739685613	0.05911480986255086	0.021390358366283314	0.06462172686547994	0.0	0.049331389706330296	0.005610527972095898	0.0	0.0	0.0056745515593091935	0.05335739696900611	0.0	0.06284325643559045	0.057672822872695	0.022090372244851483	0.02056295813584947	0.034514009829126384	0.04673478500876022	0.05333685293449886	0.0	0.0484466859713964	0.04558544040849847	0.002733450094413233	0.0	0.06991993859297435	0.046263497549654156	0.011804227016700678	0.0	0.04184242702672878	0.0	0.044662736119042076	0.020663400825358842	0.0011481995224594244	0.013097456709741584	0.02737548913781039	0.0	0.0	0.0	0.0012608199844524942	0.0	0.0	0.0	0.0	0.0	0.0	0.011432263244631985	0.0	0.00705223189137983	0.036116817528045235	0.0	0.012371235392973478	0.0	0.0660112337792901	0.0	0.012514338662560121	0.0	0.0	0.005347024187345239	0.0	0.0	0.0	0.0	0.0	0.0	0.11372154293389251	0.0
