	lon	rpoH	mopA	htpG	rpoE_rseABC	ibpAB	ecfABC	ecfH	fkpA	crp	araE	xprB_dsbC_recJ	lpxDA_fabZ	ppiA	dnaA	ptsHI_crr	cirA	cyaA	speC	araBAD	clpP	nagBACD	araJ	nupG	ecfK	fur	yhfA	srlAEBD_gutM_srlR_gutQ	fucPIKUR	mopB	mglBAC	malK_lamB_malM	uppS_cdsA_ecfE	fecIR	sodA	tnaLAB	deoCABD	fepB	glgS	htrA	acs	ebgAC	araC	ansB	fnr	himA	cytR	narK	gntKU	ivbL_ilvBN	icdA	hflB	arcA	fhuACDB	frdABCD	ecfD	malEFG	narL	appY	dcuB_fumB	focA_pflB	ecfG	melAB	tdcABCDEFG	gltA	fixABCX	hypABCDE	fucAO	nuoABCEFGHIJKLMN	aceBAK	caiTABCDE	malT	nrfABCDEFG	tsx	gntT	cydAB	manXYZ	appCBA	ompC	yjdHG	cpxAR	htpY	malI	dnaKJ	malS	grpE	deoR	pspABCDE	sdhCDAB_b0725_sucABCD	dmsABC	ostA_surA_pdxA	FruR	marRAB	cyoABCDE	tonB	soxS	nfo	rpoD	uhpT	caiF	iclMR	epd_pgk	rob	adhE	zwf	lacZYA	nupC	acnA	envY_ompT	ebgR	fumC	osmE	glpACB	lrp	glgCAP	dctA	malXY	hns	osmC	nagE	araFG_araH_1H_2	nirBDC_cysG	fepA_entD	glcDEFGB	udp	skp_lpxDA_fabZ	rotA	ndh	glnALG	dsbA	glnHPQ	narGHJI	hycABCDEFGH	fadR	ompF	glpD	lysU	gcvTHP	fadL	glpFK	ybiS	mdlA	livJ	fumA	aldB	rpoN	gntR	galS	ecfI	fpr	mdh	hypA	malPQ	ecfF	himD	rhaT	mlc	ilvIH	rcsAB	nac	pykF	glcC	gcvA	nlpD_rpoS	betIBA	lacI	narZYWV	gcvR	ompR_envZ	cpxP	tsr	rtcR	glpR	uhpA	fhlA	yhdG_fis	ecpD_htrE	kbl_tdh	alaWX	alkA	fadBA	lctPRD	fdnGHI	ybaO	aspA	gdhA	dadAX	uspA	putAP	gltBDF	sdaA	evgA	dps	lysR	nrdAB	fabA	osmY	mdoGH	proP	betT
lon	0.0	0.03655034535145005	0.03405273086440176	0.10931600280356725	0.015086837508283697	0.02371340618976934	0.045246986693789855	0.0	0.04017742991058136	0.008919031717911476	0.0	0.06238153863599691	0.03161284132788814	0.08427801613032311	0.01250287559196467	0.00048045541816354185	0.009074820319361462	0.011648297726857612	0.0	0.018886060534990878	0.03402789112638846	0.022345490994199236	0.0	0.0	0.06508300421137038	0.02578841462909937	0.0494348557862357	0.0	0.0	0.05675861106407982	0.0	0.05221507322390637	0.009430552592797127	0.024168334042623068	0.007063937962147017	0.0	0.0	0.03943282511854367	0.0	0.07596093520925162	0.0	0.029646067824204817	0.02157416668073254	0.022181844180430624	0.020655502290824936	0.0	0.0	0.0014851382166178075	0.05014301576902567	0.018523744167119653	0.0	0.04716459829402056	0.0	0.03688320782189658	0.0	0.06290819758288461	0.02971521036546516	0.02384718302917391	0.04140032047955883	0.0	0.00036305986219809086	0.030180529152196645	0.034174607656571994	0.020292862943505113	0.033203195900333965	0.03459787082866503	0.013460761560169834	0.0038681894007587462	0.0	0.0	0.05710211217900578	0.0	0.0	0.004917103262228926	0.053312198976699594	0.0	0.03450329581627051	0.0	0.0	0.0537112445672869	0.00951123018643417	0.03337624281942525	0.0	0.06448783748956585	0.0	0.03884722749297775	0.0	0.025058816372054125	0.0	0.019786474329909726	0.043838655939883786	0.0	0.016685195954848325	0.009536855401994605	0.017431138301355575	0.02853800031043825	0.005035070673016145	0.0	0.006090008727485652	0.0	0.04445497027790419	0.01418114282281958	0.0	0.0	0.0	0.015474752603908555	0.0	0.0010319580896601167	0.0	0.03221024069582962	0.0	0.009654364496885575	0.0	0.0	0.0046091199746309845	0.0	0.040414921790450496	0.0051543899401783385	0.0	0.032413953857157896	0.06080970629158555	0.00297775378255002	0.03218994963425334	0.02025917792267055	0.011034135526657012	0.015034255444293782	0.0	0.0043386490257757565	0.004079082883668627	0.013332135210539582	0.0	0.0	0.007396883027270462	0.09352787479302316	0.0	0.016113946223403793	0.0	0.0	0.0179330257311337	0.0	0.03823383625736417	0.0	0.041155908423038665	0.020993294317850558	0.0	0.023683024916857268	0.00799293923378208	0.0	0.03535914179353858	0.020517331948560636	0.0	0.0	0.02153988912300684	0.029369661169605273	0.0067020144314923836	0.026110144657947008	0.12659651559482177	0.0	0.0	0.006423303546111259	0.05285671138199235	0.026554579421343004	0.01387203237009968	0.0	0.007701847119041362	0.0	0.029513327689636708	0.03191386633470554	0.0	0.018641457798848404	0.004044588329304753	0.0	0.0	0.007243905440809674	0.0	0.0	0.0	0.0	0.020179075139615893	0.0	0.0	0.02779127523748925	0.0	0.030379497381370364	0.0	0.018283259324897768	0.019939417186835506	0.5576945846615495	0.05367379795686172	0.0	0.03002552085391109	0.0008248239427630081	0.0	0.009672263231321582	0.03467424417388326	0.022351909427045038	0.0	0.01697486802716313	0.0	0.0
rpoH	0.03655034535145005	0.0	0.07432097952814333	0.03536693393005984	0.010478140549594206	0.0294810663408933	0.03264977203066488	0.0	0.0	0.004913059976055846	0.0	0.0	0.0	0.01740591907339299	0.0	0.04190010802533263	0.050631171122989455	0.03496965758367113	0.01864466471619059	0.01624394308169906	0.07164534821759948	0.0	0.024964073377084676	0.0	0.02331565719640324	0.028975041741980224	0.015493562035790899	0.0	0.018193426251417944	0.11333088918446775	0.027388216804548553	0.010655659385579093	0.018935643334976368	0.03776464961157919	2.9080470695817412e-05	0.019537167706797812	0.0	0.03631532770745862	0.11827851109423786	0.024989207764738446	0.0	0.011065956907387512	0.05368144803666063	0.0	0.013748856386447204	0.010823629592812507	0.0	0.025941561374178797	0.028898178021162034	0.06635852757555727	0.0	0.05263116911596723	0.052472755873684426	5.292194121948997e-05	0.0	0.07009105500149156	0.01513945261968764	0.0	0.5561692846743683	0.03789887363220279	0.0	0.0	0.013767625080051705	0.0	0.06312110208305104	0.0	0.0	0.03036865396954304	0.0	0.0	0.02420081979612466	0.003791662931846826	0.0	0.0	0.0385392470130582	0.004027816116479002	0.00552053761077001	0.009865831280306187	0.0	0.0	0.08164490081419494	0.18779174818544112	0.0	0.5874412255087319	0.016992859638275026	0.5689151977205381	0.0	0.0	0.016161385602328826	0.0	0.0	0.0	0.0	0.05770564158995688	0.030377501713655948	0.00975604614107869	0.03694430917805978	0.0	0.010450287635909725	0.0	0.06363566006369739	0.015535467005906913	0.01767572877515542	0.0	0.00836037749368266	0.0	0.0	0.0	0.09407285341492051	0.01535517692289523	0.0	0.0	0.0	0.0	0.02737577305643618	0.0008377884907237713	0.02931111082630152	0.0	0.0	0.03922781828356365	0.0426501319594489	0.0	0.0532379244397687	0.0	0.01618565741712311	0.0	0.032819214245590325	0.009879165542563968	0.011326304486982014	0.000969898602654028	0.0	0.0	0.050451998027507085	0.0	0.0	0.0	0.0	0.0	0.0062301919769568205	0.04380082472337563	0.0	0.01346838649303196	0.0	0.0	0.0	0.0696467904196196	0.04741759880238466	0.059483861378328	0.0	0.0	0.03165658851331817	0.02683819231833726	0.04265375278510605	0.016728051557069343	0.03165997532115218	0.024747618407918084	0.0	0.0	0.0	0.0	0.0	0.0	0.027931911394194996	0.0	0.0	0.0	0.026658550062511985	0.0	0.0	0.0	0.0	0.0	0.019153332835283626	0.013760922355371274	0.005266916519361209	0.0041450701934706855	0.0	0.022849314351330925	0.013054959312453726	0.0	0.0	0.0	0.0	0.016292816844009326	0.020249686520329963	0.0	0.03949211141769183	0.017017479601226546	0.0	0.03678578347429961	0.0	0.008313418582351802	0.013608448378765755	0.0	0.0	0.00819741139345711	0.0	0.026562906328343003	0.0	0.005540452895027417
mopA	0.03405273086440176	0.07432097952814333	0.0	0.5569876457640315	0.0	0.06261269310149983	0.06311302782254734	0.0	0.0	0.0	0.04226993443344238	0.0	0.0	0.013883272163074044	0.041176772692756276	0.0	0.039494423222906784	0.03290435800853017	0.030456818396068196	0.059501435016826545	0.5348641093903501	0.07826066354777891	0.040835809256366234	0.0	0.0	0.02611131936364095	0.03999655133937403	0.002224036328696241	0.03328926826945593	0.06157016880483407	0.03722840998971784	0.03919541545224891	0.0	0.01571579131518305	0.0	0.013195404901014953	0.0	0.012777846254625797	0.016535479503469095	0.0078011092552706844	0.0	0.0	0.045664253425770795	0.0	0.037950171877514045	0.0	0.0	0.0	0.04971286382274129	0.050787890091147134	0.027607918184194058	0.06449954543189258	0.0	0.03308568057817131	0.0	0.030917311795944518	0.03708556057431855	0.0	0.05388758218037249	0.0061466463752824435	0.0	0.0	0.04688841659292319	0.02654198720933154	0.04295510283444538	0.02718267130363235	0.0	0.04581306241401059	0.04440790295173684	0.0	0.03931890939564958	0.04492143806708447	0.003984890464257566	0.06934333777244256	0.04702307705658444	0.0	0.03944134687021105	0.01836712850535095	0.00816194882720635	0.005428975003410633	0.0008512209652773107	0.04484869471213531	0.036793953132019525	0.05410157904241167	0.12392677319846263	0.0381181097771569	0.0	0.0	0.0	0.0	0.0	0.0	0.0	0.0012786178810035094	0.029498072542868292	0.0	0.0	0.0	0.0	0.010051898780341864	0.02745931127448225	0.011073164635354274	0.008118653622613473	0.035117653691938054	0.0493362230377798	0.006321127606678272	0.0173814688219871	0.0	0.0	0.0	0.0	0.0	0.0	0.0	0.04652031211377229	0.030100901039474742	0.030679047859063596	0.04217223938827811	0.0	0.009967298332722958	0.02359364047240235	0.0	0.059711482223498404	0.04672693600721311	0.0	0.0	0.0	0.0	0.0	0.010547920424629651	0.006593911398301553	0.030872276282150352	0.0	0.015122168216747897	0.01564876091055741	0.013190813574757536	0.0	0.05913697926668855	0.040317557199864754	0.038444649998717925	0.0	0.019299210804365283	0.003061345329626802	0.0	0.0	0.04498744080922284	2.8222624402964143e-05	0.024415271786743704	0.0	0.0007063349091537903	0.0	0.0	0.03602329645883927	0.0013238112729475875	0.04165983509971635	0.009557909606121478	0.07219765638270954	0.0	0.0	0.02982403368703836	0.0	0.0	0.0	0.017743161920175204	0.0	0.05470782009953436	0.07472671909992187	0.0	0.009337879454257363	0.035269141812294	0.0	0.0	0.0	0.06113855408021216	0.02083867709713254	0.0	0.02531867252590124	0.010899955867244649	0.0	0.0	0.0	0.0	0.012409034497289579	0.028845575349156834	0.0	0.00213400289268024	0.0	0.0	0.004083988378984323	0.0	0.04244029660635178	0.0	0.029142141790933867	0.031873445379824575	0.009864488324034693	0.0	0.0	0.019370366258213586	0.0	0.0
htpG	0.10931600280356725	0.03536693393005984	0.5569876457640315	0.0	0.0	0.06142842258158118	0.02602479203325505	0.0	0.014623570063498686	0.0324471129597324	0.0	0.0015656932759519338	0.011386554593288174	0.011732346973877495	0.0	0.004930501482947563	0.00229917959042401	0.003019681115575017	0.015276068226929361	0.0	0.048417239269877795	0.0	0.01812085706585788	0.03935353175920925	0.02485797563296167	0.03968910413950287	0.035331162893231745	0.03736784816258313	0.0	0.6019904469666292	0.007286038557523173	0.032157547294669936	0.0235583922547132	0.042790659513750974	0.0	0.04237988299887705	0.0	0.0	0.0	0.0	0.0	0.0	0.007455010238858592	0.03681797898448558	0.06245310109447306	0.0	0.0	0.011397583298038475	0.01572267591504935	0.029521428438035874	0.0026105661181866245	0.08298514151739483	0.0	0.0	0.008419653282318426	0.003650646074716287	0.06398889033037276	0.0	0.10472510121554177	0.002407033249348898	0.0	0.0	0.03792656146456977	0.0	0.04951878935589318	0.007241916931995695	0.0	0.0045584492678762386	0.015182145733374982	0.04500757101025093	0.0	0.0	0.0	0.008828315730187128	0.02247468778760726	0.02291609646972445	0.0	0.05297090748551393	0.0	0.017276693861035572	0.0	0.0486657124104483	0.013788247314185846	0.11757364710756098	0.0	0.0398576426556966	0.0	0.0	0.02999994459081008	0.09270645237140301	0.018631102618815825	0.0	0.01348351007931457	0.0	0.0	0.0033669078194104355	0.0	0.0	0.04008747712626216	0.0	0.0	0.0001526019363280454	0.0	0.0	0.0	0.0	0.0	0.0	0.0	0.004029040955591179	0.0	0.0022413298479448595	0.004086491365671199	0.0031521308581769093	0.005808118790055441	0.0	0.006422816212211596	0.006630646907820301	0.0	0.012625198319251282	0.08352321950798287	0.0	0.06830048331945197	0.0	0.007958480691183257	0.029332347980171362	0.037581644725926434	0.0	0.0	0.0	0.0	0.03484981811355973	0.0	0.03170585739192452	0.003942690795191223	0.020150993487209837	0.0	0.03085376767300107	0.01660944946322496	0.06501616814999987	0.0	0.0	0.0	0.0	0.0	0.014643083795731678	0.005957979928047065	0.0	0.0	0.0	0.025312232528885686	0.0	0.018894635130800745	0.020737428729831187	0.02374079818985371	0.006207144062337002	0.0	0.0060998583020538235	0.011557446735261148	0.009372241899344052	0.025224919809449235	0.0	0.007829484308116627	0.0	0.023258586613420385	0.0	0.03035637839030632	0.07640198908485506	0.007704009168422927	0.07614221170345008	0.0339698344417618	0.0	0.0	0.020190999993689396	0.0076838423449571746	0.011155251272240325	0.0	0.0056724967664844	0.03232104527007279	0.0	0.0	0.004425242199360487	0.0	0.0	0.06440045182077302	0.0	0.0	0.08103253188608474	0.0	0.0	0.10609148894247164	0.0	0.012145443220697117	0.011579013846027707	0.00359977197094287	0.030389240834035883	0.014634861387231628	0.03552899348549025	0.0	0.005223820282729787
rpoE_rseABC	0.015086837508283697	0.010478140549594206	0.0	0.0	0.0	0.0004446548053682796	0.6673529853920601	0.09246015206513251	0.7381931775497982	0.0	0.04221287415945883	0.04382945737363858	0.07245766177185889	0.0	0.012810730586143737	0.03627837964565557	0.01034341752264708	0.0053592246284004	0.0	0.04471649346579484	0.0	0.0	0.0	0.0	0.08772149410675688	0.04479734934572435	0.0541011480162185	0.03761175558024259	0.012617761807913335	0.035422510112839124	0.0	0.007748941877747834	0.09673894324371785	0.02825924871255778	0.0522127060972492	0.0	0.003850941603144966	0.06905776499304549	0.026796099745961012	0.048315509839242314	0.03562926597344577	0.0	0.005406557197981806	0.0	0.023527123715493235	0.04075526312549729	0.0	0.0	0.008673363188999018	0.039084250985198465	0.04858288548254846	0.0010491537846781084	0.0032126604315577184	0.03532570861364143	0.0	0.0906330122368934	0.04521605364816724	0.0031030056607883605	0.0	0.0	0.0	0.07065486087918639	0.0	0.007866136943974674	0.0	0.0	0.0193512776731397	0.0	0.0	0.009898319866064749	0.0	0.0052685446481121586	0.01965995519514609	0.0	0.025230689731285262	0.0	0.02337942246331068	0.006316986999235771	0.017725423245243163	0.0	0.005063691163223799	0.0	0.012402030029029737	0.019866626139774583	0.04839222820534399	0.0	0.0	0.0	0.0	0.0	0.06241285555188654	0.0	0.0	0.008151513520853172	0.0	0.060362303966534976	0.054767445708587346	0.05948460824786288	0.0	0.005195521478457434	0.08093966302540302	0.0	0.0	0.08490891840380926	0.07223211560682948	0.0	0.0016990862800384966	0.0	0.03916192707790421	0.0	0.0	0.018262312047427426	0.0	0.0	0.05383987482532618	0.0	0.0421497752770327	0.0	0.01789560234508697	0.020768002755467148	0.033478616863652805	0.0	0.0	0.007903261155825975	0.0	0.0411706306118454	0.0	0.01770496358636552	0.08168619169438407	0.008212621047783596	0.01375588687527108	0.015638241491294343	0.0	0.06883485755484335	0.0	0.0	0.0	0.0	0.04090220605332303	0.0	0.012662081393165023	0.029623868916568204	0.00020737762582782925	0.010138167499575818	0.0	0.012377496189505361	0.0	0.0	0.0461183024338999	0.006756577685418809	0.0018686550103094437	0.03585566497088822	0.0	0.052903844889745824	0.0	0.0	0.0	0.0	0.0	0.0	0.0319243745550966	0.03881770320678411	0.0186515056071783	0.0	0.0	0.0	0.0	0.004874829313103276	0.04631269580691313	0.0	0.03972890923827384	0.024824884055292745	0.0009427432424628246	0.0	0.010078603567506304	0.05919355386031549	0.025756396871930595	0.0	0.061130293748851046	0.0	0.0690641751629557	0.0	0.03422924629690206	0.0013408358576073249	0.0	0.0	0.0	0.07385589379468598	0.0	0.0	0.0	0.0	0.040517366334221934	0.04110218333340065	0.0	0.6752708597065304	0.0	0.7991756149466658	0.0011244453210852952	0.0
ibpAB	0.02371340618976934	0.0294810663408933	0.06261269310149983	0.06142842258158118	0.0004446548053682796	0.0	0.010551847859916969	0.034668009060097926	0.017102124505305086	0.0	0.0005219863075299501	0.006917045340338443	0.05203401685351384	0.0	0.48961230114031096	0.02025629566123715	0.016103752799343552	0.04325497598450932	0.0	0.029610588119147827	0.07356118866825494	0.037623296649241786	0.026440748048636515	0.004035522066593285	0.013712366574071374	0.020619106177481104	0.04786744086151075	0.0	0.01220881596524823	0.09082875050011631	0.0	0.0239524373470983	0.0026887149849224947	0.009277956654727991	0.0	0.05331549198764403	0.0	0.028106155503057253	0.00605472320935368	0.0	0.004599432265562614	0.030677396026596488	0.0	0.0	0.0	0.0	0.004638000931979508	0.0	0.024197771326933664	0.006661476942993162	0.006922422225856363	0.038881150938126066	0.0	0.0	0.0	0.02762678705847382	0.0	0.04054558941501444	0.06399009663735063	0.00844891286341001	0.0	0.0	0.0267161371414923	0.05946752040332711	0.009153085902554075	0.048681533769864255	0.021686784631565797	0.05023615161915249	0.012772260868529268	0.0	0.0014067000153773859	0.0	0.01047076202033112	0.0	0.0450961666794634	0.03481450222223084	0.06011911883346661	0.027408882728988004	0.0	0.0	0.0	0.007841556978133922	0.0	0.06975287658547848	0.018547040417411974	0.5604286495188159	0.01237619468127435	0.033696618851137485	0.0	0.04456038120028333	0.0	0.0	0.0	0.05669857539426354	0.023622973544906552	0.0	0.003830978482855425	0.006714625580530913	0.013003130858451522	0.0	0.0	0.0	0.0011735699602334047	0.0	0.0531627469207069	0.008630214855406491	0.011925687639311231	0.0	0.04553280311931331	0.0	0.05240820683563128	0.0	0.0	0.0	0.029053389986982307	0.0	0.05549515859215091	0.0	0.0025901978772923874	0.011262532455341688	0.00428346470953401	0.0	0.010738467910135885	0.0	0.0	0.024560182444028102	0.0	0.004312776457793497	0.0	0.12881388346976858	0.0016674080846751206	0.07071727635906967	0.009168081966791102	0.06023471492777079	0.006781679679968201	0.0	0.0	0.0	0.07108758595572212	0.02960066427854175	0.0	0.0	0.0	0.008903979207725832	0.03818413653508382	0.0052244027083795126	0.009290396791732604	0.03745162093644033	0.014036732828263395	0.0	0.0	0.0	0.015332036831991575	0.0	0.00022445657059634466	0.003044674191907851	0.0	0.02546562384808826	0.02559150251915626	0.00516999746931908	0.0	0.07056773353352905	0.0	0.06576762968180222	0.0	0.0	0.0	0.012903683158057904	0.02218676813393157	0.0	0.0	0.026406900932356713	0.0	8.57242913590392e-06	0.0	0.0	0.0019099772251477299	0.008613776295633422	0.0	0.0	0.0	0.0	0.015328603902389068	0.08698575708569556	0.014319721215465805	0.03699749076315744	0.1183427480534128	0.04489326414674018	0.01087674645625841	0.0	0.0	0.0	0.0	0.018053167164037015	0.0	0.0	0.0	0.0	0.0	0.0029343787469180084
ecfABC	0.045246986693789855	0.03264977203066488	0.06311302782254734	0.02602479203325505	0.6673529853920601	0.010551847859916969	0.0	0.055141031005396475	0.05102736476024926	0.0	0.0	0.08952194320079548	0.09044705303251108	0.0	0.0	0.082040677601279	0.0	0.09429148497939947	0.0	0.010204706326792892	0.0	0.009868574969422483	0.07027697183326338	0.0	0.04567681588435533	0.008992565020612162	0.0	0.0	0.0	0.0	0.0	0.0	0.180731883521765	0.0	0.012089456730425982	0.0	0.009211698759710318	0.05344690836327597	0.030954993311724285	0.0021468382405080517	0.0	0.005894492574695996	0.016510862786644678	0.045499703411258655	0.0	0.02367490167465006	0.0	0.0	0.0	0.0	0.0002770685846141373	0.0	0.0	0.0560882794130727	0.00938934542211976	0.11972122598530102	0.0	0.0	0.0	0.0	0.03589839293920582	0.09887384252547315	0.029342262004200845	0.0009391091352828948	0.017137531310289205	0.03254721621480611	0.0	0.0	0.0	0.0	0.0	0.0	0.0	0.0	0.0	0.0	0.0	0.0	0.0	0.010615377884705636	0.007363962935059409	0.006111808832332655	0.003339363461805216	0.014527777738461261	0.0	0.0	0.0	0.0	0.0	0.0	0.06001807781500366	0.0	0.0	0.03299670636731038	0.0	0.0	0.0	0.09251895553122143	0.030154217439136953	0.0	0.06598280520642219	0.0	0.0	0.0	0.035839560204686066	0.0	0.0	0.0	0.0	0.0	0.0	0.0	0.0	0.0	0.008390274838407428	0.0	0.0	0.0	0.0	0.0	0.00436499840406657	0.0	0.001766266923800658	0.0	0.023358549087399663	0.00524420548063118	0.0	0.0	0.03487632557988581	0.0	0.0966094111327341	0.010173612173128864	0.0038167671694834724	0.06147225599921057	0.0	0.0	0.0034768408288862575	0.0	0.0	0.04151995406212839	0.0070526048210539675	0.0	0.0	0.0	0.0	0.0	0.0	0.0349895273960976	0.026401421541165798	0.013154822032931817	0.0	0.0	0.0	0.10928553834853647	0.0	0.0	0.0	0.0	0.0	0.0	0.0	0.09767963695782057	0.0	0.0	0.0	0.0	0.0	0.02633274516899662	0.0	0.0	0.0	0.00628825794183519	0.0	0.0	0.0	0.0	0.0	0.0	0.0	0.011491361530895507	0.02284598522554633	0.005198077679281159	0.0	0.0	0.0	0.0	0.0	0.05731014289365871	0.0	0.009808009721629683	0.017770634542699983	0.0	0.0	0.0027733671702010318	0.0	0.0409537837458351	0.0	0.10904420128183782	0.007741286868234126	0.0
ecfH	0.0	0.0	0.0	0.0	0.09246015206513251	0.034668009060097926	0.055141031005396475	0.0	0.06222114019007833	0.0	0.0	0.033072844188416446	0.15532714092558497	0.0	0.0	0.015086378615954457	0.02584983129305825	0.0	0.0	0.026718622712885314	0.004095983004320154	0.023655618915503548	0.0	0.0	0.03656630157487731	0.013302973842542743	0.0	0.0	0.0	0.03056805466019904	0.009759951543874075	0.0	0.10699756435177302	0.023051354641490947	0.0	0.0	0.0	0.015190904504324773	0.009107947561666692	0.02913446273010901	0.03594344535391388	0.0	0.008073329792182718	0.0	0.0053143144698637144	0.008010729996110666	0.03901238781886257	0.0	0.0	0.015619454952760911	0.0	0.03138067681910022	0.0	0.0	0.013948264894710977	0.07261690026729396	0.0	0.0	0.0025353363832694895	0.06664397314628197	0.038774106353457155	0.06679248862234004	0.0	0.0	0.0	0.016818182171938353	0.0	0.0	0.0	0.0	0.0012527203699068585	0.0	0.0	0.0	0.0	0.0	0.0	0.0	0.043287728528803596	0.023834012384650504	0.0	0.03778110575270539	0.046935402328486094	0.0	0.009996394422821579	0.02061114089962128	0.0	0.02907766046333873	0.0	0.0	0.7706736960100444	0.0020184877798727486	0.017480805284770876	0.013673881360379865	0.0	0.0	0.0	0.06340927017440819	0.021560732848697244	0.0	0.694383353797903	0.0	0.0	0.020091307639634313	0.0	0.0020478192805417827	0.0	0.0	0.032583345708239154	0.0	0.0	0.029953219292508205	0.0	0.0	0.005864707008449512	0.0	0.02132456771500682	0.003959527553803543	0.0	0.0	0.0691899775761027	0.0	0.0006953239027136032	0.011078411235212525	0.0	0.06884514744741034	0.0	0.0	0.03977354541711268	0.0	0.026219861203963114	0.0	0.0	0.09830435871462347	0.0	0.08037704693578178	0.0	0.030192102448510973	0.0455755893489564	0.02448255419918735	0.0	0.0	0.1017603638995296	0.019286457190503477	0.041717549237575	0.0	0.0	0.0	0.019532480539502014	0.0	0.0	0.0377279240759101	0.0	0.046578633971675935	0.0	0.0	0.0	0.0	0.0055310007803699894	0.0	0.007231632477372759	0.051491439132165404	0.04680711549466215	0.0	0.024659302783472375	0.0473226369034613	0.0	0.0	0.0	0.0	0.0	0.0	0.021885816280558017	0.00542685310970713	0.0	0.006438481518152995	0.08452955694679844	0.0	0.0	0.0	0.0	0.0	0.0	0.0	0.0	0.017284492525653797	0.005675906588693884	0.11505515041283856	0.0	0.0	0.0	0.0	0.06793576975023158	0.02793040390820716	0.0	0.040502618635881886	0.0	0.05780045131020286	0.0	0.006681202623860146
fkpA	0.04017742991058136	0.0	0.0	0.014623570063498686	0.7381931775497982	0.017102124505305086	0.05102736476024926	0.06222114019007833	0.0	0.003607970401967975	0.08071231388904661	0.09939282359929918	0.04245898900345772	0.0	0.0	0.027073159077360638	0.018681883097682962	0.04027255735522005	0.0	0.03646436601150555	0.0004082063632654079	0.0	0.015885304707814914	0.0	0.0783121893262741	0.0	0.03843982154369327	0.0	0.022345122737644118	0.07089657471758756	0.02581327808717347	0.0	0.08572643505558235	0.013453483937740164	0.025271463247698456	0.0	0.0	0.047405932017406706	0.0	0.054270838113550074	0.028325127990980845	0.0	0.032608868933682866	0.0	0.0	0.03388050832081814	0.00416950206313931	0.0	0.0	0.06828116820218949	0.07508646197192079	0.05495553854178566	0.0	0.04868571621099877	0.0	0.050603998501506264	0.0013477396301417094	0.014665042018601991	0.0	0.09283415062091761	0.014976035390853756	0.09866408139636612	0.0	0.0	0.002057895210838873	0.0	0.0	0.039665507482162576	0.0	0.0	0.0	0.0	0.0	0.0	0.0	0.0	0.0	0.0	0.028179063930735836	0.015419845799528237	0.02331720600998445	0.02006143883500006	0.0	0.00903232107793802	0.035571578255418984	0.029815914375348338	0.0	0.0	0.0	0.0	0.14390703723785728	0.0	0.0	0.0	0.005566473185979481	0.029429368300027046	0.02121962166382905	0.05955281741902427	0.0	0.0	0.0596940708749763	0.01053816463977675	0.0	0.0	0.0	0.021231257079048917	0.018084827598637238	0.00850233143019699	0.03524288827914707	0.029850139830870436	0.0	0.007946252386989337	0.0	0.0021822984459575474	0.0	0.0	0.008392783310766386	0.0	0.08759227821070939	0.013024133763183524	0.06393379178563618	0.00673215506650052	0.009116369647703404	0.02522044293320422	0.0	0.034065213575983	0.0	0.0	0.0	0.00996338647401729	0.05727864186019291	0.0	0.0	0.09934707729713722	0.05626749349704225	0.0	0.0	0.03375142317412088	0.025427940561211382	0.033902777817217865	0.0	0.0	0.0	0.0	0.0	0.0	0.020079587400394904	0.0	0.04736479748566303	0.0	0.0	0.009481074936804062	0.0	0.05989526207616519	0.0	0.0	0.0	0.0	0.025412224123716052	0.0003160885784320019	0.055186108682517276	0.054558427797534864	0.0	0.0	0.00017751886437716085	0.0	0.009121717277115266	0.010516950119780096	0.0	0.0	0.015440191306807105	0.0	0.0	0.021264146788410335	0.02618934168980798	0.010536542781668072	0.050670870500257835	0.0	0.02538133848956595	0.0056045675065607165	0.018221386616214395	0.02128453618231495	0.026651843931022157	0.017901859512374305	0.038614269591072455	0.058332190565679544	0.0	0.07859350335151553	0.0	0.0	0.0	0.03995135117525455	0.016114343303236713	0.029384014135547892	0.014674751402836628	0.054719961198189976	0.0	0.07783347156621132	0.01120034771831664	0.03237095219472339
crp	0.008919031717911476	0.004913059976055846	0.0	0.0324471129597324	0.0	0.0	0.0	0.0	0.003607970401967975	0.0	0.03412524181209746	0.03514511578156848	0.0	0.0359388271649458	0.0	0.07721919532860108	0.05731543915537087	0.09290605493935486	0.06820757495792892	0.06418173807573033	0.027762300849382048	0.03611859132210868	0.09775551783147862	0.05152475164208119	0.0	0.09161772274636591	0.06082174069861835	0.04454267322441202	0.24774995545352613	0.02596776348136949	0.050641688925772664	0.08053327285082149	0.017360220602091584	0.051465263924876686	0.0	0.8889498039849741	0.03199530177338301	0.06627543292325336	0.07596847724568162	0.014550830620802055	0.0015038721010877916	0.044897388938026736	0.05626512700646727	0.042217017159297356	0.0	0.014198882865896628	0.026122739296227566	0.06006400746299236	0.24212280974233014	0.06826366869023738	0.04208588855428517	0.010376457055865795	0.029074417208266912	0.032318485933608414	0.0	0.0	0.0817594189926926	0.0	0.0	0.035707130198883774	0.029981775775557547	0.0	0.08016129267999333	0.035939589594565245	0.041638584217557686	0.0692918586487029	0.532380029166808	0.16162119551318868	0.016646932234492113	0.0	0.024247560755022032	0.048559234932379354	0.0	0.03196825291406213	0.06366491603743556	0.0	0.03176159221340248	0.008295605690588272	0.023439974475782423	0.026176078719686108	0.01725547386960183	0.005448416917201569	0.057014488823789886	0.0	0.08479971270097324	0.03520466004438395	0.0014684664264231063	0.0	0.07776879598189027	0.019978370296155186	0.0200987396909484	0.026139259903753015	0.002475920487116575	0.022764762024522964	0.05334587597206583	0.0023826057712523774	0.0037661905951445196	0.015459323897266107	0.7329136065595718	0.037541421692581844	0.0	0.11039205105429835	0.018032900868296252	0.0036521527914572106	0.02655989802870162	0.05413946634385825	0.0	0.03274407958630469	0.03743360537834107	0.03433386532274332	0.0	0.0	0.0	0.023648494970537313	0.06962291121416969	0.024550287790748002	0.08061170697259715	0.0008223718479444364	0.0	0.06527565103114594	0.06668194535256183	0.030179490722205007	0.06754350441918662	0.0	0.04098754643014863	0.019300692845495956	0.0	3.250305872667338e-05	0.049367721130101426	0.039405991316688434	0.0	0.041609031178420935	0.0	0.0	0.03514328107043171	0.03688860509346172	0.007892751507848952	0.05047422672499158	0.0	0.038529726563415925	0.02611131764502892	0.0	0.027558230272805934	0.035453626885581346	0.07489532301440678	0.0	0.11983047090471796	0.046709179111679607	0.0	0.0	0.0	0.0	0.04343848502783836	0.023457090193516477	0.015550355832095441	0.08270604801632192	0.02385459598788282	0.0	0.032493369501060035	0.0	0.0	0.0302094029635319	0.0	0.0	0.0	0.023387150854733234	0.025795498515483888	0.04878019028792716	0.0	0.004497700465599026	0.0	0.0	0.03679090977896706	0.0	0.026438891625363822	0.016407983398762385	0.04386734174084982	0.09562053783005191	0.025615340893013025	0.0	0.0	0.005079639557396078	0.030964234307752626	0.0	0.0	0.027970373234351472	0.131385663154837	0.0	0.0006806060347062631	0.005613210974995824	0.0	0.04011798939813524	0.0	0.0	0.0	0.05097288872144277	0.003912677083660001	0.005731532066230225	0.04291117758158613	0.0
araE	0.0	0.0	0.04226993443344238	0.0	0.04221287415945883	0.0005219863075299501	0.0	0.0	0.08071231388904661	0.03412524181209746	0.0	0.0324403458484079	0.0	0.08137083805150556	0.0	0.10164170415488465	0.03294418074550014	0.04683709165620983	0.03179317112989755	0.029553573451698543	0.008948642691320842	0.06388519835304202	0.037988946347530264	0.001685018765404128	0.07257799877962183	0.051519768486694865	0.04254255431190417	0.015198942190519515	0.04665294816962679	0.0	0.03310018691670841	0.033747355023932155	0.01059106011349631	0.07514886128987795	0.034015166509145316	0.03155042978012842	0.024092540652050153	0.0557736238987951	0.04105014747739937	0.009004805513233353	0.016363649139981954	0.02867718278151918	0.05049132457649534	0.10641451913100049	0.0	0.027060915773374328	0.0	0.04141655136871564	0.03716813128404301	0.06063491511767685	0.0	0.012089726234554904	0.0	0.03999636670111195	0.04159388187430336	0.008769105147385953	0.06522583942951424	0.012448763149807019	0.0	0.0729913498930444	0.024302907839749355	0.0	0.03687940591865126	0.0012115776016326774	0.051693228241294305	0.619855095045902	0.0	0.05772311372488707	0.10293293205997879	0.032745699877706334	0.031046898173976007	0.08403029631650114	0.05300358887004941	0.04408364004039006	0.04835939353473905	0.0066918326177272175	0.0	0.009558248559249015	0.0	0.0	0.0	0.0	0.016502644926536927	0.07239386438716791	0.06174549020872608	0.0	0.0	0.0	0.0	0.0934401452552881	0.0428530741254946	0.0	0.0	0.0	0.029715194174846637	0.0	0.0	0.01130785197947657	0.01149092426574948	0.0	0.017492836838775706	0.029611388639791573	0.0	0.0	0.00795135559410119	0.06943410570065445	0.0	0.0	0.0	0.0103803627295374	0.006754544562840244	0.019305056466914213	0.06054029335209376	0.010032391680254882	0.055660242529274616	0.004094784817960501	0.028258606317298075	0.0	0.0	0.036271579067139105	0.06595095578439276	0.0	0.06677690253670529	0.03819409774856679	0.042563771655812266	0.0	0.0	0.0	0.007971968613242878	0.0020580746494383434	0.05000466340399128	0.0	0.0	0.0	0.0029086755618244224	0.024817206710596763	0.0	0.0	0.0	0.04193271683619622	0.0	0.018454384954733866	0.0	0.023119622082379488	0.06578622766242151	0.02971879931188298	0.03993519065131154	0.04188665721237173	0.0	0.0	0.0	0.0	0.10573903720372574	0.0	0.05741816382767417	0.03623025575359797	0.0	0.0	0.0042125512044573505	0.5092947590248288	0.017691331660564767	0.0	0.004076033578669635	0.04240206160693398	0.0034757853621668936	0.0	0.002663316067212832	0.01598070960555764	0.0	0.006403179303730875	0.0295342633714913	0.049380495034413774	0.0	0.0	0.0	0.0013312125820291257	0.0038957711083543504	0.0	0.0039640880426471915	0.0	0.0	0.0	0.0037772067369960492	0.0	0.0	0.022246678268367744	0.029705548932464635	0.030097569729794337	0.0	0.02867461146901168	0.0	0.04583360120220707	0.0	0.0	0.0	0.0	0.0	0.009851980562627838	0.08428369537334526	0.0
xprB_dsbC_recJ	0.06238153863599691	0.0	0.0	0.0015656932759519338	0.04382945737363858	0.006917045340338443	0.08952194320079548	0.033072844188416446	0.09939282359929918	0.03514511578156848	0.0324403458484079	0.0	0.0357883312121419	0.02794571445962178	0.08107701583999684	0.014182103106744929	0.0	0.05014589452846671	0.0	0.06590401272530604	0.0	0.01819378661066144	0.00940480076694683	0.0	0.03930089326953835	0.0	0.0	0.0	0.0	0.0	0.0	0.0	0.053538031680242716	0.036430246784981704	0.01001007694294648	0.0	0.0	0.0	0.02264561482953713	0.08427616894737025	0.01789579015894748	0.0	0.0	0.0	0.00928325448684983	0.002768394996021612	0.02321241034462274	0.015432433789525104	0.0	0.0	0.007857085042378744	0.0	0.021585891328131965	0.0211228340171696	0.04055305415748441	0.6306748934113459	0.006198541456625933	0.0	0.0029397330705323533	0.0274096438223299	0.004987149886966609	0.030112916903294765	0.0033119763910348736	0.02245992296059251	0.0	0.007832287611382728	0.0	0.014357482706641344	0.0	0.009582460354539085	0.0	0.0	0.07941766682336145	0.0	0.005166443017076147	0.028044829467140556	0.0	0.0	0.0	0.08577393021549704	0.05171163544793292	0.0055974201072359385	0.0007134134864234871	0.0	0.04853479883642677	0.06217066381109881	0.0	0.0	0.01770206420025387	0.0	0.027694424823878055	0.00021102152153569127	0.0	0.0	0.0	0.0	0.0041431645377874304	0.06294000321192844	0.012539498108643488	0.0	0.07452082999544525	0.0	0.0043694675101001905	0.0	0.008872657460406424	0.09356372211669055	0.0	0.0	0.0	0.07154932433590572	0.0	0.0	0.0	0.03638397848814749	0.0	0.0	0.02215610405792956	0.0038754067757762276	0.016558698349876055	0.0	0.046794967126043197	0.0	0.0	0.0	0.0277311646117821	0.054026127217190495	0.0	0.0	0.012832505402701075	0.005667049877228254	0.03762462025095542	0.0	0.0	0.06314477296624599	0.04368667770938166	0.0013560631841051667	0.009922166204610275	0.0	0.014817402764056272	0.10911089675351711	0.0	0.0	0.0	0.0	0.0116610460191432	0.08037254550136273	0.0	0.037283673191300715	0.09302961702697164	0.012503335087289104	0.020690282522243326	0.02368400400683309	0.0	0.028098679295747022	0.0	0.0	0.0	0.0	0.03341780312052818	0.04856032094021972	0.025386332778232622	0.05199106422592092	0.0	0.0	0.024281079528552095	0.0	0.016101806076056577	0.0	0.0	0.03408233566582521	0.013931315456889687	0.0	0.08105911924967585	0.0	0.033038374500243016	0.015470991635073702	0.022333805140565047	0.06254469723359804	0.026623965806376382	0.022138341507047524	0.047771291972745336	0.07197731988152047	0.08083783710595442	0.022334464228514456	0.0	0.01221003552268125	0.0	0.05775337139828776	0.0	0.0	0.03020353635302344	0.0	0.0	0.03193743424392424	0.009136353529117786	0.06999704517174236	0.0	0.09028425157346488	0.0	0.0
lpxDA_fabZ	0.03161284132788814	0.0	0.0	0.011386554593288174	0.07245766177185889	0.05203401685351384	0.09044705303251108	0.15532714092558497	0.04245898900345772	0.0	0.0	0.0357883312121419	0.0	0.0	0.004402685900642381	0.04948668859835787	0.0	0.0	0.014002836962967195	0.02169736438532999	0.0	0.0	0.025055133761889236	0.034476054039105655	0.04488605536929914	0.0	0.0	0.0	0.028425879164075313	0.04979609692752761	0.0	0.0528882708989455	0.04277701543928668	0.0	0.02266321356720266	0.0	0.0	0.0	0.0	0.03715217302662906	0.09188819362510199	0.0	0.0	0.0	0.0	0.010803190132523528	0.0	0.03664881662578723	0.0	0.03495086756717138	0.0	0.0	0.0	0.0	0.03893493176784877	0.08425536419122671	0.0	0.0	0.0	0.0	0.0	0.05485792061146507	0.002697303384840419	0.009412311247484775	0.016077152098497097	0.0	0.0	0.0	0.022034096702447006	0.006092820590936128	0.0	0.04819972356579624	0.0	0.010497808688478103	0.010259875585726396	0.024445844349956124	0.0	0.0	0.03090242649488972	0.007613466718580331	0.009379518725448432	0.0	0.0	0.009141490815111114	0.0	0.0	0.12214343216687257	0.0	0.003107293244904555	0.013671547744586007	0.09296142799847773	0.05022859992339655	0.012838559113887	0.006472929429509096	0.0	0.0	0.03622338261316349	0.07284360811672815	0.0	0.0	0.0557176230256877	0.0	0.014569787969363158	0.011162060996571703	0.0	0.018563762032326462	0.025694321986941316	0.0	0.04052337773287386	0.0021143114864153345	0.0	0.0	0.0	0.0	0.09797009211678102	0.02120643572063372	0.002426500737662586	0.03712074139374739	0.011357597496200187	0.051108569454708146	0.0	0.025661778105592843	0.0	0.010759232418066995	0.0	0.05801444329792443	0.0	0.04384213264412036	0.06010759497167261	0.024422229830097997	0.017934483875323	0.0	0.0	0.1122740814992998	0.06464120501258759	0.0072933529555300365	0.0	0.0	0.012606133338558593	0.05380635528925388	0.0	0.006885361458352373	0.0	0.0	0.0	0.0	0.001253865221979628	0.0	0.06934521190395765	0.0	0.0	0.003230399649958728	0.04333765342556964	0.10988248341800964	0.036593256221498595	0.018836073673190006	0.0	0.0	0.0	0.03883919790028911	0.0	0.04175026955652108	0.012958909700541067	0.03427121422556259	0.03590196881638087	0.0	0.0	0.0	0.0	0.012042344096106996	0.0	0.0	0.0	0.010014277070491035	0.0	0.0	0.0	0.0	0.08896655972735061	0.02324200141163512	0.03295351365427253	0.0	0.0	0.025655233000738582	0.017505397530944343	0.0325480129094939	0.013880793319680111	0.06358537582240183	0.06018755901539445	0.0	0.022227605411142333	0.005144535428678848	0.01385329266687269	0.01336693092386439	0.03421721074716649	0.029054504046915217	0.0	0.6717331606069771	0.0	0.0
ppiA	0.08427801613032311	0.01740591907339299	0.013883272163074044	0.011732346973877495	0.0	0.0	0.0	0.0	0.0	0.0359388271649458	0.08137083805150556	0.02794571445962178	0.0	0.0	0.00838716735911949	0.06316605637033708	0.06304107030739255	0.06677648940368211	0.09423251624703594	0.0852012754248739	0.00011217412438615294	0.060825834807844786	0.758069900910838	0.0	0.0	0.040256449894664266	0.06424954445793456	0.0382025587374861	0.05052212357433406	0.0632063885526024	0.05553357121396719	0.04159360107278259	0.0	0.03537512798570933	0.020693963266523306	0.0427587558563624	0.05510157183701089	0.044727822557457796	0.05591389746063205	0.0	0.03581897425773386	0.03067796008459995	0.035870391417423826	0.03119759443669436	0.01982803401438273	0.0	0.0	0.020451922719538225	0.0465510519349043	0.08636452290441046	0.0	0.0	0.0022971468718277024	0.10498994761276871	0.04319039405077395	0.0003973622757429126	0.0770116458446331	0.0	0.036584285351758485	0.06903254406417128	0.0	0.0	0.06083184673596101	0.03155090595469526	0.04064447819770854	0.0740094221777432	0.014980871640845713	0.051552757558750585	0.037015489904198076	0.011886891740379721	0.012188927593605318	0.01899968073564018	0.0	0.05866877644453618	0.06290688601831061	0.01205990294574353	0.011628817169109486	0.0	0.006097163430146358	0.04553965209923488	0.0	0.023883797271583136	0.20623439741615032	0.0	0.0619956594664475	0.0	0.0	0.0	0.026481821095331308	0.027045877980598796	0.07705183841436825	0.1344426876381326	0.0	0.0	0.04612530904417012	0.0	0.0	0.0	0.15132558694570752	0.0465281541064492	0.0	0.06996982967961102	0.007394630171733645	0.0	8.56989915588163e-05	0.056524822902404064	0.03063413786813957	0.0	0.029551351286923305	0.02187716595212022	0.0	0.0	0.04235195037264061	0.0	0.06023951803608021	0.031129131179468892	0.05899269456193687	0.018853769057511575	0.0	0.07959703919850195	0.05918068008731531	0.023780785676607775	0.0664070448080381	0.011590352588691254	0.6800313538411162	0.027070314949184656	0.017641382594255347	0.015960523318545083	0.019147636135273687	0.0	0.0027801849547648967	0.046329056877693224	0.0	0.0	0.026819148503758553	0.05344152591173176	0.02078571916889125	0.08013805021844886	0.0	0.047343614813912395	0.0	0.0	0.004029788707834725	0.02489898536284649	0.007253201283728322	0.0	0.04983192959175034	0.06072829011128293	0.0	0.05660239750246661	0.0	0.0	0.040397150790239714	0.0	0.0	0.04215411297715802	0.0	0.0	0.018846357561614915	0.019100033720744463	0.026632728815838277	0.0	0.0	0.030295451661257727	0.018539656333424664	0.030271238229828402	0.0	0.019227455996443453	0.019121714130666496	0.0	0.0	0.0	0.03371424580828172	0.0	0.0	0.0	0.0037944434062236023	0.008700850278112078	0.01341333817649746	0.06298918886934288	0.008375423900363572	0.0004790535899169699	0.0	0.0	0.0	0.006911664876147951	0.044644198226690975	0.0	0.0	0.0281934735127662	0.0	0.0	0.020851362198183534	0.0	0.01426461285163431	0.018539619329313594	0.016835034321508003	0.007052699591259645	0.036478218313893966	0.006927785121863141
