	lon	rpoH	mopA	htpG	rpoE_rseABC	ibpAB	ecfABC	ecfH	fkpA	crp	araE	xprB_dsbC_recJ	lpxDA_fabZ	ppiA	dnaA	ptsHI_crr	cirA	cyaA	speC	araBAD	clpP	nagBACD	araJ	nupG	ecfK	fur	yhfA	srlAEBD_gutM_srlR_gutQ	fucPIKUR	mopB	mglBAC	malK_lamB_malM	uppS_cdsA_ecfE	fecIR	sodA	tnaLAB	deoCABD	fepB	glgS	htrA	acs	ebgAC	araC	ansB	fnr	himA	cytR	narK	gntKU	ivbL_ilvBN	icdA	hflB	arcA	fhuACDB	frdABCD	ecfD	malEFG	narL	appY	dcuB_fumB	focA_pflB	ecfG	melAB	tdcABCDEFG	gltA	fixABCX	hypABCDE	fucAO	nuoABCEFGHIJKLMN	aceBAK	caiTABCDE	malT	nrfABCDEFG	tsx	gntT	cydAB	manXYZ	appCBA	ompC	yjdHG	cpxAR	htpY	malI	dnaKJ	malS	grpE	deoR	pspABCDE	sdhCDAB_b0725_sucABCD	dmsABC	ostA_surA_pdxA	FruR	marRAB	cyoABCDE	tonB	soxS	nfo	rpoD	uhpT	caiF	bgr_oxyR	bgr_gorA	bgr_katG	bgr_nlpD_rpoS	bgr_ahpCF	bgr_dps	bgr_himA	bgr_proP	bgr_crp	bgr_yhdG_fis	bgr_osmY	bgr_osmC	bgr_hns	bgr_acs	bgr_fnr	bgr_fur	bgr_cspA	bgr_rhaBAD	bgr_rhaSR	bgr_araE	bgr_nagE	bgr_rpoH	bgr_dnaA	bgr_cytR	bgr_tonB	bgr_mopA	bgr_gltA	bgr_speC	bgr_fucAO	bgr_nupG	bgr_deoR	bgr_malXY	bgr_fliAZY	bgr_flhDC	bgr_lacZYA	bgr_lacI	bgr_caiTABCDE	bgr_caiF	bgr_narL	bgr_malEFG	bgr_manXYZ	bgr_mlc	bgr_pdhR_aceEF_lpdA	bgr_proK	bgr_ansB	bgr_valUXY_lysV	bgr_pheU	bgr_cyaA	bgr_proL	bgr_pheV	bgr_flgBCDEFGHIJK	bgr_ubiG	bgr_araJ	bgr_ibpAB	bgr_gntKU	bgr_gntR	bgr_sdhCDAB_b0725_sucABCD	bgr_tsx	bgr_fhuACDB	bgr_aldB	bgr_rhaT	bgr_fucPIKUR	bgr_glgS	bgr_fliFGHIJK	bgr_mopB	bgr_malT	bgr_hypABCDE	bgr_malK_lamB_malM	bgr_tdcABCDEFG	bgr_metT_leuW_glnUW_metU_glnVX	bgr_osmE	bgr_dnaKJ	bgr_clpP	bgr_hflB	bgr_nrdAB	bgr_tyrTV	bgr_aspV	bgr_glcDEFGB	bgr_glcC	bgr_narK	bgr_mglBAC	bgr_arcA	bgr_dcuB_fumB	bgr_ompR_envZ	bgr_fliDST	bgr_uhpT	bgr_yiaKLMNOPQRS	bgr_argU	bgr_ptsHI_crr	bgr_pspABCDE	bgr_fixABCX	bgr_nagBACD	bgr_fliE	bgr_serT	bgr_gyrA	bgr_rcsAB	bgr_entCEBA	bgr_cyoABCDE	bgr_araC	bgr_icdA
lon	0.0	0.2837012662946266	0.21267961201860328	0.21453779745382912	0.08751872480386196	0.4215795819222083	0.07820535941953026	0.37563688975423704	0.2276535965349674	0.09807236832806743	0.0	0.3205965958048198	0.3205776580762846	0.008661824438704174	0.09252484466901369	0.10097688537582919	0.0	0.0	0.022612215727969374	0.0	0.3209191024130108	0.0	0.0	0.0	0.3200873404466918	0.020298359132078735	0.0	0.0	0.0	0.41377511745944895	0.0	0.0	0.175039723120774	0.0	0.015101986843808327	0.0	0.04588765105440289	0.02285562813660045	0.0	0.22256434297779343	0.16386623143810125	0.0	0.0	0.07222943818634102	0.003922526012351416	0.07615270045327763	0.23611658876986338	0.07528887225358426	0.0	0.0	0.036630170140036736	0.2629479905099643	0.0	0.0	0.10519237575834381	0.380134025990996	0.0	0.0	0.0	0.035474652919764475	0.0	0.08313874663270512	0.004186074875510599	0.0	0.0	0.0	0.0762770558923928	0.0	0.0	0.0	0.02441430492342174	0.0510375705565756	0.07927963992311451	0.05210776775004219	0.059651489218974986	0.19678104091127682	0.0	0.032462289068809956	0.0	0.012216219845107843	0.11349040964821827	0.3154919092210985	0.0	0.46125526789260113	0.1048448156585159	0.3070661609187572	0.0813424069805729	0.0	0.0	0.07770870003028015	0.12509357306030183	0.14704473022204095	0.11076377970456641	0.03481660139585062	0.0	0.0008583278048820278	0.0	0.21318065961871616	0.0	0.0	0.28001042801224735	0.023153805563118576	0.0	0.0	0.10313909040545989	0.04115165324395281	0.04871959406039047	0.018854999499284736	0.08733611013361386	0.0	0.0	0.0	0.04093170727781509	0.04490037347066499	0.028416588365849878	0.043586267163975484	0.09383226756319243	0.0	0.0	0.13693706563374414	0.03566087242512388	0.09249596111736824	0.0	0.10050049528817669	0.1534215983973634	0.070663350470859	0.07343042497402054	0.00217490382384185	0.13445994521069735	0.01903713532248989	0.06590690284398044	0.0	0.0	0.0	0.14452284417105024	0.025076817155388422	0.02181737952655753	0.0	0.0	0.0	0.0	0.0	0.1659635728072386	0.0	0.05414602421942453	0.06357072419564706	0.10423277874036767	0.0	0.08507145968325351	0.09297260426945121	0.02112448155928295	0.008203615211310272	0.004150737650470575	0.07692869706252775	0.02424237653050491	0.0	0.021512934494027663	0.16134690302228835	0.0	0.007912494227867608	0.0	0.0998521591270408	0.13705686854932195	0.11382476494036128	0.032432244052924615	0.05284591786747008	0.10308390113188375	0.033934574405084975	0.05506366438851792	0.0	0.0	0.07253244240571023	0.0	0.0	0.03145075650153601	0.06337369222977392	0.0	0.05583695567395081	0.0	0.011695973723934014	0.07602060266714669	0.022317793424940845	0.0	0.0	0.003303936008556978	0.057703103762655236	0.20631792450479355	0.0	0.0	0.14777623587245717	0.0	0.0	0.05200713180320359	0.09055890714040099	0.0	0.0	0.0	0.0020944336052413095	0.07460293454086489	0.0
rpoH	0.2837012662946266	0.0	0.22998773824176494	0.34637237375693763	0.25537445759368127	0.29582542444727306	0.15461759623046864	0.2517546096340698	0.3182107321570154	0.052306622113070016	0.05479452247848467	0.2387666710462791	0.12988808194568008	0.19947370654286686	0.12916497061051585	0.05152620488301102	0.07102631197511719	0.07927001494202393	0.0	0.0	0.2906156105103156	0.0	0.07167953549533794	0.041596529563373286	0.10783955913620653	0.021823272254105516	0.003811003779928409	0.1384144700095621	0.054873661895236535	0.5015267441036347	0.0	0.03065150705084033	0.15797197922975756	0.0	0.0	0.016920957554403246	0.09934230585182695	0.10763495013229628	0.0	0.4645550837966818	0.10996361825252021	0.13837581393212933	0.0885700083030571	0.013478530856565644	0.15415675784939697	0.0	0.2146913524019821	0.04338490427843803	0.030685889879519264	0.05580008923987937	0.0	0.38988071982947636	0.0	0.0	0.0939115694207856	0.20477706345479552	0.0	0.11151545540384299	0.0	0.05485157226685864	0.14887534310297257	0.19516378483469843	0.0037937568356310224	0.09964318721125964	0.0	0.0	0.049429905703198114	0.0	0.04391369521956326	0.04024663239174149	0.011717950877200541	0.0	0.02337587249508064	0.15622301641795483	0.04881644877079365	0.0	0.023254002351649473	0.0	0.0	0.08026179402842129	0.11052520402965978	0.3469419175462548	0.00641858669341247	0.25056136357898146	0.06401729066729317	0.30297558984462386	0.0	0.0	0.07104903837088831	0.04113010139189591	0.17216659834997045	0.02295870813583791	0.011104397947891403	0.0	0.07338608922231883	0.0	0.0	0.17941567072925305	0.043927573043458415	0.08127258583308078	0.0	0.0	0.016479667316159474	0.08929606286785	0.038436056183453124	0.0	0.0	0.0	0.03914980985641863	0.0	0.0	0.0032640390702413	0.08737202035966515	0.0	0.0453745350136299	0.0	0.0	0.0	0.017404420386862608	0.0	0.026583645497640897	0.04748732714266164	0.0	0.13018336384638238	0.1080057081273378	0.0	0.008621254775042584	0.0	0.015724354791219742	0.0	0.0	0.07658458704183656	0.0	0.00548031940795529	0.09089779428165819	0.03868384249015407	0.05427896799348562	0.0047367898996750766	0.0	0.0	0.013078634629723744	0.0	0.10685093841933378	0.0	0.04588701819456177	0.0	0.04819681660815136	0.22958929186970614	0.0	0.09014457689124702	0.06813379967361527	0.04682679544162314	0.0	0.007909977707448178	0.0	0.0	0.0	0.07391810755002383	0.0981780228166309	0.024855185143821706	0.026689246826582132	0.11244220365856346	0.14138719898140564	0.039990370038626134	0.0	0.18821366022396602	0.14764302659921028	0.0	0.12109933459339624	0.0	0.0	0.004181673381496823	0.0	0.0	0.0	0.005576618008786048	0.012814504542473695	0.0	0.022790359877029178	0.0	0.0020931508327688996	0.06026532170207906	0.009519662365428746	0.0	0.12522845884668854	0.08681683157081328	0.0	0.1775186862513954	0.006843419208506911	0.14669371479461302	0.0	0.07429098440431309	0.0	0.027607203231158898	0.0	0.09370556081726665	0.00987605809245745	0.1396048564430162	0.0	0.0
mopA	0.21267961201860328	0.22998773824176494	0.0	0.22958593665502403	0.0	0.35243833700879346	0.19688534219820752	0.15476760523264002	0.1922050115403875	0.05015119288721576	0.0	0.18735054455645056	0.22074420500645003	0.04237279474403101	0.0	0.003260815388743249	0.0	0.020116502934538375	0.05158655565855371	0.0	0.21532117622553687	0.04614925319187123	0.0	0.05908687630212795	0.2349755857856171	0.0	0.090238720227163	0.0	0.12523436494680731	0.2954028240551892	0.0	0.07717619031345586	0.16004955078572186	0.0	0.0	0.0	0.0	0.018734515688782184	0.0	0.22162639312437707	0.11076188326519765	0.0	0.0	0.0	0.10820872948142639	0.12686372204304844	0.012216001243974954	0.0	0.0	0.0	0.02923434515310736	0.32291639269313505	0.029591149024296215	0.0	0.01341621058798758	0.2144240609879153	0.11439837464748283	0.07578503259998592	0.03370875385789083	0.10781717451662955	0.0	0.2037664730504439	0.022212797957746108	0.06452355358870479	0.17148763862594477	0.0	0.03413479905683888	0.05998664648259106	0.0043315084852051915	0.0	0.04113198954542623	0.006410133697358925	0.056054493914896676	0.0	0.07226308944589808	0.15920721399156312	0.04152550244433281	0.056882065118284184	0.09233935797990664	0.0	0.13132869608687572	0.2421444971149349	0.0	0.4274186477185322	0.0	0.2545010462617834	0.0	0.0650287928313792	0.0	0.034063215071790304	0.13917566027841888	0.100862790426725	0.0	0.0	0.043110258093107916	0.0	0.10245127618271008	0.33206472089382677	0.05332400957715155	0.0	0.0	0.1045420442786848	0.007334896077542564	0.0	0.06830406819590434	0.08704953229220669	0.0	0.0	0.0007369212990562719	0.018356167220739704	0.05106398175684502	0.02687041724691395	0.07616648643156544	0.0	0.06799173691024328	0.12371833438354471	0.025383773704114713	0.042105835970700785	0.0	0.11311688904950247	0.013683097992572243	0.0	0.0	0.13907216107552803	0.016494936486494905	0.05409664024170279	0.08960087840077142	0.034389091002171544	0.0	0.0	0.0	0.059418961292829364	0.06973724079648333	0.0	0.0773842847753027	0.0	0.026898467291664428	0.0	0.04384180942632223	0.19510064003435468	0.0	0.0	0.10198742842585279	0.0	0.0	0.000768091373973307	0.05540350450556594	0.09549665869040061	0.0	0.039251585675405654	0.012293258368876361	0.0	0.0031111281485865947	0.001173541834239579	0.0	0.02265331182420195	0.01831367350992403	0.0	0.02084147446169383	0.09008752934005115	0.0	0.0	0.0	0.08546072957277324	0.0812313472178306	0.0	0.0	0.010822395100178326	0.18407128196167874	0.0	0.0	0.07955416082974683	0.0	0.11809529006382725	0.015386237137484998	0.0	0.11814642378249052	0.05435411368954167	0.03136405534622452	0.05037767967362254	0.008771631391338089	0.11390930901058136	0.047283609360277874	0.0	0.009201211271904054	0.0	0.09061800010944583	0.03409902806977689	0.04733093464727576	0.0	0.0	0.03730484708474224	0.0	0.0	0.058926085668810975	0.020633377911739824	0.11654224581914684	0.08925729117947849	0.14780417995892467	0.03439161501356669
htpG	0.21453779745382912	0.34637237375693763	0.22958593665502403	0.0	0.12493397928920053	0.296911493079735	0.16659952004169531	0.1887699320880045	0.19627169995450605	0.0	0.07170164639148113	0.2851242157366734	0.28495572964563953	0.0	0.04816923647456013	0.0	0.0	0.038916023678101375	0.04936124836636682	0.0	0.19784837898462124	0.0	0.053561293097993	0.09788008293720128	0.3308175524054491	0.0	0.0	0.0	0.10519126609930052	0.4293778673344823	0.0	0.12377300693580955	0.15524168074303568	0.0	0.01640816458152104	0.009629500136645621	0.0	0.0	0.005181793970328372	0.36292816502062375	0.0	0.14326118523828849	0.057799071777978855	0.05902875790728959	0.01205780386462255	0.028008117701527176	0.07641660442076025	0.0	0.06302028696918215	0.0	0.0	0.06174053195508363	0.0	0.0	0.039214364900071276	0.07995480705003936	0.0	0.0	0.0	0.0	0.0	0.10985994910943062	0.0	0.08849252852832805	0.0	0.04159802457917898	0.0	0.18449016766504697	0.11948346387573489	0.0	0.0	0.09214492031247913	0.08137294303602009	0.029325828173044657	0.0	0.05203336891597527	0.0	0.0	0.0	0.03585607347388775	0.2331591324355703	0.3221646071965078	0.0	0.19263359471079294	0.029895762388792952	0.3411161216603222	0.0	0.010119204102068957	0.003687015921720495	0.0	0.1401321685113813	0.14930466971528444	0.004354294488261601	0.0	0.0	0.07455414137504916	0.0	0.20321230565086273	0.037599608332936636	0.0	0.0	0.0	0.0	0.24465601171922435	0.0	0.025756810139084773	0.0	0.03503362589269608	0.12194745356705827	0.0	0.09046872789171165	0.04037774716945565	0.004656257874051442	0.059146151554169246	0.030916328116673827	0.0	0.0	0.016767920626677455	0.06056104287118212	0.0	0.0	0.08965231062634288	0.001803303829426411	0.04423376198372875	0.08342142710669208	0.0	0.12717012324505347	0.0	0.03445382170770609	0.0	0.11004010986469348	0.0	0.0	0.02144406192107882	0.0	0.0	0.24463157017242287	0.0	0.0	0.0	0.06393215754947008	0.0	0.023276057325657788	0.0	0.0	0.0	0.050598072428149926	0.10465143835440889	0.07374974367786771	0.0	0.010380487677192398	0.048518813692986835	0.05756987406146067	0.0	0.0	0.09341809375082516	0.08463910516861357	0.0	0.14950077231651288	0.0	0.01172930113690364	0.0	0.0750700598443887	0.09861728602070753	0.07077864980634899	0.10187976497143483	0.0	0.0	0.0	0.10622943305428834	0.07715335390027662	0.015781392997655755	0.008468252782187758	0.03794709477581592	0.0	0.132029421652891	0.0	0.0	0.1795719787228149	0.10292503514736182	0.0	0.09415165900303216	0.08146875104646095	0.02234498320026531	0.09460636685261614	0.0	0.0	0.02074022516814002	0.009958878698541306	0.09779516832110881	0.0	0.0949794467465228	0.049963852847544156	0.09683987686290554	0.0	0.039802526609371	0.03161014627853682	0.0	0.0	0.08012706171898318
rpoE_rseABC	0.08751872480386196	0.25537445759368127	0.0	0.12493397928920053	0.0	0.14313272584810477	0.5424111478457485	0.2005585189182848	0.33253794933036573	0.0	0.16271826125590313	0.17657223840677852	0.24060016879811413	0.05202504251120098	0.0	0.11089517811423612	0.05089564705955681	0.10429502526953668	0.08813315582036717	0.12055125685707471	0.0	0.0	0.0	0.23956041289011923	0.4532684942875316	0.0	0.021700453112065376	0.12562131340985558	0.0	0.16137076489351532	0.0	0.0	0.5404555958931565	0.024319112447070274	0.0	0.0	0.0	0.06151029027216168	0.0	0.21752409018005595	0.0	0.0	0.07683190371930722	0.0	0.04160381269436004	0.21081305483761553	0.0	0.015380255093565744	0.0	0.0	0.05828021193697771	0.0	0.0	0.15817688286321316	0.03601187109976094	0.36820822819794463	0.0	0.12789637040330296	0.10328930231101512	0.13533642002347634	0.0	0.29560810641566104	0.12308967638730263	0.0	0.0	0.006365679721504374	0.040991510943428094	0.04876473041927276	0.0	0.12467534404948687	0.10577163647092798	0.0553506912158276	0.0	0.0	0.03732925056697694	0.1259321296944932	0.016911864085744948	0.016314329618482455	0.17366338739390327	0.0	0.025348763373750357	0.18113141104762176	0.0	0.2512033502275859	0.020312054529473437	0.16689193093106466	0.053821224852102736	0.0	0.0	0.0	0.2244516443233251	0.0	0.0	0.0	0.02723538799923045	0.18471111197918255	0.0	0.2515569142724763	0.00785959221487973	0.0	0.0	0.010077437607806215	0.0	0.08355905496394782	0.00702337460116882	0.09825292795145912	0.12937460623406977	0.15038305521580717	0.011285825294838106	0.0	0.08612918794242806	0.09148317751278015	0.134956717759227	0.028620737829758866	0.03483357154820437	0.027407712354287336	0.014821825893331803	0.0	0.10698031417615458	0.0	0.09451309796489411	0.02355712785914896	0.0	0.19664672486247348	0.0	0.05371051873094225	0.0	0.0	0.0	0.023185311692126682	0.19245122660101938	0.0	0.0855648463208973	0.11580661368027916	0.0	0.0	0.2305410681341278	0.0	0.0	0.061603687837264436	0.052453965344408486	0.0021345438247807407	0.0	0.04039885908403688	0.0	0.06313927154424837	0.022244409451220897	0.011557046569771598	0.0	0.011301663179914313	0.006750581798840836	0.15326850027212782	0.034405941871827966	0.0	0.053695061412796195	0.08681110413510533	0.06433332008369586	0.07448881616771563	0.0	0.0	0.0	0.0	0.0	0.0965454972987485	0.0	0.04384945382433087	0.13048047294045545	0.031249426137426206	0.0	0.038382925229837585	0.03332755539851226	0.0	0.051261948344678746	0.04820207062800146	0.0	0.022153613155355585	0.05829982300029213	0.035246865962388366	0.0	0.08132892365423529	0.0	0.05461512995752082	0.22250483219633324	0.09448946041787887	0.0	0.07806572029792012	0.0	0.0	0.0	0.0	0.04166779448588335	0.061092750692314915	0.08103870602442752	0.18011986001714742	0.17325037981264485	0.0	0.0	0.12675986180590484	0.033004029827950344	0.023430842551341372
ibpAB	0.4215795819222083	0.29582542444727306	0.35243833700879346	0.296911493079735	0.14313272584810477	0.0	0.0	0.29570332474241084	0.25735217693824924	0.22298348898339662	0.05031352222950477	0.12089731301848464	0.31395214663870014	0.10614626576919126	0.0	0.019047125225178596	0.01279669719098884	0.0	0.07476891223456168	0.047405799215663506	0.36391364418375194	0.0	0.16386881450801283	0.04652185061252888	0.21484146570843296	0.0	0.003500317559348778	0.0	0.1142511463443893	0.31816217075733744	0.0	0.10678303843652547	0.07678346238589555	0.0	0.06498151676255529	0.06453680478843361	0.034411240492138305	0.034385759785948475	0.11080556646319954	0.2750957367871571	0.038810742941653834	0.06673018624233662	0.10829428397659469	0.03875787355329897	0.0	0.0	0.1249531753849763	0.0	0.0	0.0	0.0	0.20347913878084106	0.0	0.04107087367528941	0.15142407655370746	0.16729030466569766	0.0	0.0	0.0	0.0	0.0	0.1234246955759753	0.0	0.016092891790736363	0.10368312500458138	0.0	0.0	0.09222897672249536	0.07851365128745888	0.022368506008719938	0.0	0.01696443645616403	0.0	0.04277689438960118	0.0	0.014464662466285971	0.0	0.0	0.022899164809323243	0.1512301210599395	0.09091092785376473	0.27213773180497175	0.0	0.2691655092759301	0.02531506102776555	0.23429751624634565	0.0051322471148867255	0.0	0.049316176683087146	0.07916880343417183	0.12335707998612754	0.10986345849513507	0.04425109774804064	0.0	0.15698283765482313	0.0	0.12275989320587649	0.06842292947942444	0.0	0.1275457762193249	0.0276869784066395	0.03257195289249709	0.015269649144334303	0.06749366421207159	0.11056308065313494	0.02347570998347881	0.0	0.05815320768903716	0.0	0.0	0.0	0.010194438264621462	0.055467873236545305	0.0	0.10753175884406178	0.0	0.0	0.0	0.0366305907424477	0.0	0.21375138417796352	0.07386114627678095	0.08427128227690715	0.01869069911546637	0.01603208757686298	0.0	0.06580776260805309	0.0	0.11838933197230839	0.0	0.0	0.0	0.0	0.0	0.05493825075920825	0.10160783214601243	0.11712262267004046	0.04388415599083956	0.09784859620001136	0.0	0.11379426385217757	0.0	0.030867642911578744	0.0	0.020035836967392705	0.0	0.07182205927985696	0.0	0.0	0.14275600700374824	0.0032608339063064746	0.017475357514626196	0.04811707446817599	0.0031346459848589003	0.04871419163706146	0.06980014924880584	0.0	0.0	0.0	0.07122872893314956	0.006265464955761625	0.0	0.036243566118632387	0.0	0.08990375948825655	0.06174578859210168	0.0	0.0	0.0	0.08095821542522758	0.0	0.10611255631360343	0.09329471298907151	0.0	0.004731955641597899	0.1071082130375393	0.09113156916978936	0.03770458430061808	0.0	0.0	0.0	0.14105958395914747	0.0	0.09983703639732043	0.0	0.0	0.0	0.0	0.04310434315390597	0.0	0.0	0.0	0.022375470328258516	0.0	0.0	0.009223621983758793	0.06577612178417419	0.0	0.0	0.0
ecfABC	0.07820535941953026	0.15461759623046864	0.19688534219820752	0.16659952004169531	0.5424111478457485	0.0	0.0	0.22403580421067365	0.31869638898623537	0.0	0.007236653378023322	0.11176807546050053	0.4448573144712881	0.09623845732290183	0.13325017745951118	0.11047891033494013	0.0	0.0	0.0	0.08062540148767308	0.19375353603648762	0.09626222895013237	0.009548151308812017	0.0	0.3190357075119676	0.0829316480414924	0.13940601405424044	0.10159428323558974	0.0	0.2291288440669811	0.0	0.0	0.37476162291915643	0.0461298778312667	0.036468648698412355	0.03818543995003772	0.061680287359013014	0.07283716428722324	0.15017299430381917	0.31012780726580946	0.0	0.0	0.18260040829464366	0.01837209514330623	0.07665510318974104	0.0	0.03926308110754231	0.05410016650961687	0.011710649646010313	0.0059967382104023645	0.0	0.23603850232108378	0.108157071354116	0.044359771009822045	0.01138354748647503	0.32363785516291005	0.03373822334056907	0.09491364087104097	0.10998534257992992	0.10437781015206764	0.0	0.3400859866467653	0.16187908847914667	0.0	0.0	0.0	0.03603554440365232	0.12759001341682377	0.0	0.01581057021574095	0.16670234062499048	0.0	0.0	0.0	0.0075979195613065705	0.0	0.04217970112866569	0.0815916920312284	0.10182261888762054	0.0	0.13701832478903764	0.145227346302807	0.0	0.23403079077185043	0.14580636923800877	0.1428708568167063	0.05473632107613586	0.0612283617896039	0.0	0.0636189462151916	0.36669292197927483	0.1328006975208707	0.0	0.01787418900369143	0.0	0.030851945883268696	0.0	0.305307329271509	0.0	0.06499578475542506	0.12018427864931845	0.20630076153831478	0.0	0.10069036847348055	0.07948468939636023	0.021117832577500863	0.03352149289736237	0.08108175579998568	0.0038511740070813656	0.0	0.0	0.0	0.0	0.014834473126167645	0.09597037905571844	0.016767554376609012	0.05112024118980175	0.04505884299124511	0.03344220822860895	0.038650467617516115	0.0	0.0	0.0	0.0	0.0	0.042790294099268066	0.0	0.08733964574201789	0.0276051886044313	0.0018523197051332917	0.07408341867453058	0.03817524186708221	0.0	0.04445579048989962	0.007828569989206922	0.10005658749570319	0.17241090425010624	0.1374126453558856	0.04783105637790873	0.0	0.0	0.0	0.1581594056942402	0.07252953367836575	0.0	0.027226174381813222	0.0557501722749657	0.03249583272457676	0.0	0.0	0.0	0.0	0.0	0.013354337809762164	0.0	0.013517633543354545	0.06157991065232568	0.01454421183972483	0.0	0.1284093382010672	0.0	0.08856411423831817	0.0051938859512230835	0.0013754422119245714	0.0	0.17914075037023705	0.0	0.0	0.0	0.0987243896246801	0.12781580969810108	0.038968827902554494	0.06735599572196005	0.02659860836263135	0.05067988632535892	0.11853456242516262	0.038707256946258956	0.0	0.23680954548361446	0.03092712213076841	0.05163744044580748	0.0	0.0	0.04936825472079264	0.0	0.0	0.021693115386793197	0.01702403653192495	0.18872880015000723	0.08107833425743051	0.11251280388838668	0.04901682475585939	0.10999723324312982	0.0	0.07658218723859037	0.0	0.0	0.0	0.10442772013857665	0.13577157084615715
ecfH	0.37563688975423704	0.2517546096340698	0.15476760523264002	0.1887699320880045	0.2005585189182848	0.29570332474241084	0.22403580421067365	0.0	0.3008551741767607	0.052792517503359934	0.0	0.23852359867599024	0.22921863189290945	0.008732896999158232	0.002509389196671897	0.0	0.13029005816570688	0.0	0.06028852350544987	0.009344932072080897	0.2721089894068217	0.0452197692100953	0.0	0.04078747232245961	0.35315318448378125	0.0	0.028293363545071917	0.15766358651043472	0.0	0.24497915180460314	0.0	0.0740596637195524	0.5019293482012809	0.07377692263422492	0.0	0.019017823522315534	0.052525559493078355	0.0	0.03130530309801514	0.2182423513274609	0.0	0.0	0.0	0.2235773527678809	0.10634773757184858	0.0	0.0	0.10787788626116775	0.03304394318193414	0.012067126202966403	0.0	0.10846779083706268	0.007845407892412797	0.0	0.19674255832703672	0.5076309715713171	0.0	0.0	0.0	0.1785474537680259	0.0	0.3940658465739278	0.09575266238948976	0.0	0.0	0.0	0.0248802610446358	0.0	0.161771514211442	0.09295713236355962	0.0	0.051987160471660195	0.04430168644604386	0.02065495205532141	0.0	0.05092718823068367	0.18866789256425157	0.0	0.0	0.0	0.12129263499023668	0.2976212800716828	0.012483142120411605	0.0190253625092042	0.04195995985571205	0.37364553738707423	0.10510609068966686	0.016952189893044423	0.049913424110075405	0.0	0.456759645992897	0.0	0.05803276015767105	0.0	0.06650894791422295	0.0	0.02693361766777484	0.48334477147051336	0.015340641995139855	0.0	0.0	0.0	0.0	0.0	0.1355640085722542	0.19693438705214056	0.0673741892075003	0.0	0.13358808518582452	0.06195826212405537	0.0	0.038899145451528935	0.028316543944359573	0.0	0.0	0.2317789417926103	0.0	0.0	0.04408588292054245	0.09403832424342651	0.06657041413397066	0.06190534814531918	0.041228961643416676	0.0	0.0589202039126314	0.009976065289519068	0.0	0.0	0.09671950356200992	0.0	0.09742125653904699	0.0	0.0	0.0	0.0817395053323714	0.06722619555832487	0.2079628586582355	0.0	0.0	0.09670083802328816	0.0	0.0	0.059818696449211575	0.05938181309973666	0.07622319469799503	0.11784009446346932	0.06030551899249451	0.11619240884742593	0.0	0.016255154104818852	0.0	0.011555479657458559	0.10728283228060345	0.013583641832172828	0.0	0.0	0.0	0.0	0.030277795899320285	0.022709308116235467	0.0	0.04439124172056345	0.05630355866351254	0.16032522113359496	0.026652621728170418	0.06733833448557103	0.12378582626128694	0.09464042654548453	0.06439581498867086	0.0	0.13407318215797592	0.0	0.07810340684470744	0.0	0.07779466252967358	0.05735437868922565	0.08921284284409124	0.0	0.07591174715080423	0.19101705382566653	0.07248982402897	0.021028369062996412	0.03856656719167838	0.07505704683947867	0.0	0.15550918740269723	0.0	0.05523434663957759	0.0	0.011055523051723463	0.19359385746480343	0.0	0.0	0.05622740526462996	0.0626581713721493	0.0	0.0	0.06734574560995016	0.012799024955565633	0.043685673862701085
fkpA	0.2276535965349674	0.3182107321570154	0.1922050115403875	0.19627169995450605	0.33253794933036573	0.25735217693824924	0.31869638898623537	0.3008551741767607	0.0	0.0	0.0	0.2567335551912963	0.4160883238007061	0.0	0.0006139096629451844	0.12347015637704105	0.0	0.0	0.0	0.022117053851326406	0.2561960013639303	0.0	0.0	0.05917054398902043	0.3286206922634177	0.004090547155015143	0.0	0.1294961789798754	0.0	0.26928017254302244	0.0	0.04674933704290673	0.6608108818561503	0.05404566549876318	0.0	0.0	0.10471738153846351	0.0	0.0	0.28285949102316094	0.11229838773691177	0.0	0.055718015163738636	0.0	0.049207465143404454	0.02029057019834997	0.1362359622921387	0.048308674554872595	0.0	0.0	0.033984291151692964	0.13976540997944864	0.02289883504823426	0.040745314261813	0.11507020431907689	0.44320246252575546	0.0	0.0	0.0	0.0	0.14706669936208602	0.34649033670520046	0.05987920636133139	0.0942405037383165	0.0	0.0	0.15372144680921374	0.03486245111405182	0.06800562501738923	0.0	0.07460503645426765	0.053848359110430975	0.22160403391089906	0.0391656091937164	0.0	0.1300205471053241	0.0	0.11254225349920982	0.0	0.0	0.0	0.17570211070413372	0.01188991684788244	0.1744368339902694	0.0	0.21012504389719758	0.05543902109540942	0.15449411701876575	0.0	0.0	0.3770961540936732	0.10855022760714177	0.0	0.0	0.0	0.0	0.17123544236445343	0.3218475264565192	0.0	0.0	0.0	0.055101901818801376	0.0	0.072188278073267	0.0	0.0	0.0	0.0	0.00839783819944727	0.012969260791998446	0.01536021342201116	0.07559576204983721	0.0	0.09061288584474746	0.0337998637730924	0.0	0.0	0.10939741445026119	0.0	0.07923557689546955	0.052837827883813075	0.07840454912271187	0.0	0.057076974462530475	0.01873838536754276	0.1827054623183484	0.0	0.06351748777417988	0.08844101973688882	0.0	0.20873656617128353	0.013110011290324377	0.0	0.0	0.0	0.015376887475194546	0.01998224058850406	0.0859441521060404	0.0	0.11821351848024739	0.0	0.0	0.15495244909853095	0.0675788324464695	0.0	0.0	0.04076525198055549	0.0	0.11337168283221882	0.0045681782831535345	0.12849666061847104	0.028518038900616553	0.0	0.05371965885064577	0.06179993995275588	0.0	0.0	0.028052763075151026	0.0391063034657259	0.09869933967355214	0.04150331782301252	0.07707404206066407	0.20042847195991895	0.0	0.0	0.0	0.0	0.0	0.0	0.17007120982995805	0.0	0.0	0.0	0.0	0.009562382505084151	0.15703913075208228	0.0	0.0	0.0	0.005473317146794957	0.017660452815332597	0.1408436248703005	0.0	0.0013249467196908464	0.07291947403077718	0.07969777728748904	0.0	0.03997686861930945	0.0	0.0	0.026802044087590755	0.08070680955430304	0.0	0.07436978215863947	0.11453661835673018	0.0	0.07670448809440161	0.0	0.12925375884899634	0.0
crp	0.09807236832806743	0.052306622113070016	0.05015119288721576	0.0	0.0	0.22298348898339662	0.0	0.052792517503359934	0.0	0.0	0.7087779316200571	0.08900650100002538	0.0815657877337132	0.24711770795454255	0.09235102996544652	0.27286716994772137	0.5897811205584962	0.7037474310215203	0.9256933961643691	0.6753428188590447	0.0	0.6237702047015024	0.5606231769898197	0.1802579491534116	0.0	0.6461028878795133	0.7660146575282406	0.49941240009794496	0.7722051953516403	0.0	0.808989204530802	0.6723786327856446	0.06776946289804579	0.545765777924299	0.035298047505741094	0.6955974604770798	0.27040929940198694	0.6091351219106277	0.7722131278263124	0.06049045335525939	0.35247970217072266	0.7240554222994654	0.540559645289918	0.23321254707959369	0.0	0.6832786781498975	0.0	0.2082090478903782	0.839553948283818	0.7704156664096785	0.0	0.05412235717299911	0.04961299602235335	0.6086233342796679	0.06673688330856563	0.0	0.8869722472647136	0.008094123259827701	0.0	0.08019305961334676	0.056788406614731786	0.07617974543669419	0.8032675325776464	0.16918468579844856	0.6361029676359669	0.41706351407765335	0.36615113009766165	0.7005828729955037	0.014659236483010834	0.4039686098667364	0.6027923579394923	0.8604061469869118	0.10685414366600095	0.13388334938295834	0.6531363584088398	0.02794429507825922	0.6676246904566139	0.0	0.7462089753039636	0.057867694391051896	0.0	0.0	0.43804637864025214	0.13105127998133306	0.7632955118102286	0.022354647961649134	0.13055619228610021	0.781680775303707	0.2803382319916424	0.15701566567702932	0.007978987932154366	0.05072616489003023	0.04977834132240121	0.0	0.548591959398868	0.280560009863996	0.0	0.0	0.833155573130644	0.02856275315156876	0.04000521878224604	0.14521293406170718	0.0971845361993253	0.0	0.0	0.0012867310178080482	0.013604277221719235	0.0024884329040672365	0.15667119404519977	0.0	0.0	0.02467664707713351	0.12044434917443504	0.0	0.017504759219152295	0.01677465780767066	0.0	0.13987659897445653	0.0	0.14526607464655544	0.07801242841778963	0.0	0.08820098201432859	0.10866345340786143	0.0	0.06407461029633968	0.0793006751542387	0.0	0.0	0.13288693077870115	0.037496090722024054	0.041774256925209204	0.12841299191384942	0.10916418325738857	0.0	0.13120944660106043	0.0	0.0	0.10724853997847637	0.1313480014380589	0.12498607558065666	0.08984325402739092	0.18631284420719513	0.0	0.23597836829128815	0.0	0.0	0.01699639371727121	0.029209402214658342	0.1447233950435797	0.031234056587893317	0.0	0.18654257416596004	0.0	0.0	0.0	0.011176567510348496	0.0	0.048524263318614286	0.024854997441625552	0.09482171589049528	0.0	0.06850722254501662	0.0	0.0	0.0	0.09333965912095012	0.0	0.0	0.05108005692985725	0.0	0.11402157895884879	0.0	0.03901176154517478	0.021784920983605568	0.18439774518247784	0.0	0.11318885972441232	0.06704369887227936	0.0	0.0	0.03045807905130295	0.07841073143627807	0.0	0.00730671422913939	0.04366555031156857	0.31783290604845704	0.0	0.04241571271622921	0.10061209789209719	0.0	0.15568378699141586	0.0	0.0	0.02048497888405699	0.07487189375695424	0.028364856104047986	0.0010270596570104947	0.04861811355874735	0.2254759476571922
araE	0.0	0.05479452247848467	0.0	0.07170164639148113	0.16271826125590313	0.05031352222950477	0.007236653378023322	0.0	0.0	0.7087779316200571	0.0	0.17357802770635483	0.0	0.337550517522943	0.08761085081453203	0.19002351281036262	0.6111994705458647	0.535924043109315	0.9783402980107583	0.6465351827519574	0.0	0.4602064142962654	0.5797736234567402	0.18910180465208704	0.01256126923641747	0.6579398829805486	0.5610836491333585	0.5484840994744351	0.6219826936747032	0.09314364280780732	0.5769845882292965	0.5171953408732586	0.015572162967352485	0.4489251734182765	0.12901365718775928	0.6112979528504793	0.31117425594789266	0.5968551425964045	0.6419703944512665	0.13513879162274994	0.3577117278765569	0.6652894511084	0.5856599235639098	0.2743492455354531	0.0	0.5370551315742387	0.0	0.1483719769383205	0.5917016338008997	0.5804275792453345	0.0	0.10243361342880339	0.1433859843693671	0.5521128815758654	0.0	0.0	0.5954005068697578	0.0	0.0	0.1298263421652629	0.14042200642320238	0.0	0.5477710979022138	0.17488153040731808	0.49292006489764706	0.37994997890553955	0.2880744448644733	0.48218585002349984	0.007578430407935027	0.18333394523066118	0.6832216442665582	0.4928956328593754	0.012957945100879309	0.13040235297728897	0.6448876422894693	0.0	0.6401054583331053	0.006318647255595694	0.6679458371249454	0.0	0.18711801488233848	0.08858117082156645	0.46549366717781593	0.10384703504330912	0.6754846686636363	0.14154349992416243	0.0	0.6860816279496329	0.24770659313065263	0.0007349140687540815	0.05566939384737718	0.0738184412478764	0.005414685302976213	0.0	0.6716562526041937	0.1967708392206295	0.02544033958559951	0.08563419448910274	0.6233303245924192	0.03770225414074351	0.06440640523456712	0.11447713521565253	0.10304204501188362	0.0	0.06648821100175437	0.0	0.0	0.0	0.06802982373654926	0.04672580123849096	0.0	0.06553702186707436	0.0	0.21930945063904023	0.0863551957438944	0.2451121561677314	0.0	0.10480540183594832	0.11636877562881902	0.17855592603385875	0.009621341843954096	0.0	0.11925284237798386	0.04757445430683402	0.110745822702799	0.0	0.0	0.11008872261912372	0.0	0.02136102149368579	0.0	0.0	0.12050594905072638	0.07841803121530094	0.08241292711579097	0.0	0.20024236485406627	0.06367079378083469	0.05384508562200998	0.03579834398621863	0.0	0.0	0.13132982114505323	0.06689587846155154	0.23735238377489046	0.0	0.05180933392621344	0.1077180610776697	0.0	0.030401137888814562	0.00822208026324927	0.0	0.1507842644922714	0.0	0.11196743031003933	0.12802580102978384	0.0	0.237019823593327	0.048609283676344414	0.09396483099586769	0.052392611297034763	0.0	0.17247395282941116	0.0	0.0	0.0	0.012908776645599541	0.056407302101759406	0.09585896346951095	0.06673944851888752	0.07193336413958559	0.055896604571246074	0.10161669005475989	0.07247124031743733	0.12056309297868478	0.230674153399274	0.0	0.029526301415128083	0.07874829244370253	0.08352259347246077	0.12497985146721469	0.05637999921473349	0.0	0.06521702779075443	0.07657512498220831	0.0	0.0	0.0	0.029130701448042175	0.031216611712370942	0.03614055256102896	0.0	0.0	0.0	0.04988194876829458	0.2312547250439375	0.09975527473581118	0.0547984847754654	0.0408857810077657	0.07051015944720701
xprB_dsbC_recJ	0.3205965958048198	0.2387666710462791	0.18735054455645056	0.2851242157366734	0.17657223840677852	0.12089731301848464	0.11176807546050053	0.23852359867599024	0.2567335551912963	0.08900650100002538	0.17357802770635483	0.0	0.13034527032044146	0.04090069871899063	0.0	0.022179144705112157	0.0	0.08661028427692166	0.012148338056723296	0.03469878722712789	0.21896464113471426	0.04165711689973967	0.0	0.0	0.15342244319848763	0.06327011032186299	0.10898578572450303	0.26043641652197447	0.053598149974252496	0.39963768392854004	0.12122125650975485	0.22729458893239432	0.06701170700672943	0.18150962061693166	0.0	0.016643342023857925	0.07794456135879617	0.008336186283167898	0.071372859946215	0.3849933242648223	0.04463992342215919	0.08866679647212278	0.10676581970983634	0.0	0.0	0.24950944421595705	0.173391109604277	0.029475188172773822	0.05266602210142857	0.13378356355036386	0.0	0.12933612740432873	0.0	0.0	0.0	0.033375001449933446	0.2558375465167275	0.0	0.061854118322331	0.1345184763652174	0.0047937302445432315	0.17646005328528117	0.14776522320044794	0.021419593348609954	0.1716545384733143	0.08905571131203703	0.003928525376194107	0.22720347279244832	0.09458771216831083	0.19326576949004165	0.05919844542903541	0.08669535902089794	0.048886474044643066	0.0	0.18112827196201126	0.1767944865451801	0.15820223829299176	0.0	0.004809001553728701	0.0	0.19068765564998197	0.25477292036803684	0.07652758904555881	0.12034132246239349	0.17924596473522947	0.3872514105340352	0.09474787014821495	0.022398415930569942	0.03766816924770349	0.0	0.18885672159289282	0.0	0.04147207281701362	0.005649105160250817	0.0699441963546617	0.03273719117973851	0.08074166292059232	0.18330427440787794	0.12535688424738892	0.07898011117413285	0.0	0.0	0.03806700484708406	0.15069471459388048	0.0	0.0	0.012964487348458096	0.0	0.0	0.17139623877492363	0.0	0.048079179207921874	0.023116229943959916	0.0	0.0	0.0	0.10374743579759015	0.0	0.0	0.018375623291490166	0.08768675580861167	0.06078483703189456	0.0	0.02860968877594472	0.09725027643315069	0.0	0.005504236432510152	0.05774775426149514	0.024483890654048625	0.08201031660243671	0.0	0.0	0.0	0.0	0.0	0.0	0.10195413871521818	0.0	0.10510160873484616	0.1441652605875694	0.0736529858260166	0.025949440261075134	0.0381256083726697	0.0	0.0	0.0	0.1263913316516864	0.16060874356843619	0.0	0.07092414943924803	0.08051662773315493	0.0	0.08103942814341489	0.20682831922811365	0.0	0.06881184854817891	0.19097412984651504	0.19729828704118424	0.005778346401476121	0.06909812393444245	0.08488361346511274	0.0	0.09521291959045501	0.030165880730341856	0.1576401979315418	0.0	0.07865352119110515	0.08620365397642052	0.0	0.0921895788385752	0.0	0.09128692149852267	0.1270182752790171	0.15298553011931976	0.11500249205792437	0.08751911223037398	0.16855462940598065	0.026466697261821936	0.06142285709356866	0.1153750111827804	0.0	0.06976242954759862	0.0	0.08713490503660712	0.11083846624322248	0.2410513409882162	0.009120398032462614	0.0	0.029986548644976622	0.0	0.0	0.0	0.1095884329594503	0.06108207746123913	0.0	0.07042840791497598	0.08733361632610671	0.0	0.08911462514195606	0.1084055815647004
lpxDA_fabZ	0.3205776580762846	0.12988808194568008	0.22074420500645003	0.28495572964563953	0.24060016879811413	0.31395214663870014	0.4448573144712881	0.22921863189290945	0.4160883238007061	0.0815657877337132	0.0	0.13034527032044146	0.0	0.05959126066810898	0.004855187302185501	0.0	0.0	0.0	0.0	0.0	0.10408008851280863	0.06776355817681942	0.07036720318874319	0.0	0.271427014182026	0.0	0.0	0.0	0.0	0.21787220264062654	0.0	0.0	0.40426033668217937	0.0	0.19427860318224013	0.0	0.0	0.0	0.0	0.2862908102102677	0.04808704198910892	0.0	0.012620243760161593	0.09615704337354833	0.012272418279900088	0.0	0.07347706343139639	0.0	0.0	0.030811202465945972	0.0738599726368311	0.12616596358095933	0.0	0.0	0.05143916290489015	0.31077230564123426	0.01478229196029263	0.05013162409376276	0.0	0.0	0.0	0.4773149164075431	0.19168513420397798	0.0997989230894706	0.07970703463457661	0.0	0.0	0.04418240501969961	0.06624326913170936	0.07296438272375183	0.0	0.0	0.0	0.04356133530639481	0.05808095704396351	0.042537157579412864	0.048216592161149825	0.0	0.012946288229702028	0.012382683351468906	0.13408365571126998	0.2386782642257254	0.0	0.14905249641785098	0.0	0.19512860564749293	0.0	0.0	0.0	0.1569017809101482	0.4184731844341638	0.007418634973016088	0.08241499942960571	0.0	0.0	0.05016694150689357	0.0	0.5180334863304161	0.0	0.05605277853109014	0.12285009113499129	0.06373746201167026	0.0	0.11575012518593206	0.05542290222479615	0.09353584495666473	0.04629194812801716	0.0	0.020479144250335177	0.024794442745236497	0.07911615805802613	0.02949729832674672	0.026344284392191962	0.06319346171695779	0.02414798049065784	0.045282836650521	0.1162015806782263	0.0	0.0	0.1328472117805905	0.11777098547086905	0.11459178187652211	0.05387176407129833	0.10635766591140566	0.12211374085010038	0.0775302033230984	0.0	0.0	0.0	0.004910284133531957	0.09048442901331635	0.0	0.0	0.09206730283403522	0.030370961985684744	0.0	0.04368948158942772	0.015413457980119763	0.03664770146097065	0.019732045433863022	0.08969554904891955	0.0371769324078814	0.03301991275097563	0.012408593285123838	0.13489034151419377	0.0	0.0	0.0	0.008411556821090035	0.0	0.024957840882410987	0.0	0.0	0.055724827519789494	0.1417167471656075	0.20212791473701253	0.0	0.27165199334285195	0.0	0.08824274088452272	0.0	0.0	0.005158008574862663	0.042127779886698746	0.0038066581763932096	0.05390923144150129	0.07098290899857282	0.0	0.05517466771665198	0.0	0.20897126573755412	0.08465391725232153	0.0	0.0	0.0	0.00102521928747817	0.1524890643478078	0.0	0.08113463222040133	0.0	0.0	0.08888163274257499	0.10184058421692364	0.1085877249769712	0.006335010852735391	0.07179326120497084	0.0	0.0	0.037327927485544025	0.0	0.06909759126700987	0.043970820582109646	0.11079255118372758	0.0401835192395283	0.06123496197090223	0.0	0.06617988219592781	0.0	0.080211881511699	0.0
